75 0 0 0 0
75 0 0 0 0
75 0 0 0 0
75 1 0 0 0
75 1 0 0 0
75 1 0 0 0
75 1 0 0 0
75 0 0 0 0
75 0 0 0 0
75 0 0 0 0
75 0 0 0 0
75 0 0 0 0
75 0 0 0 0
75 0 0 0 0
75 0 0 0 0
75 0 0 0 0
75 0 0 0 0
75 0 0 0 0
75 0 0 0 0
75 0 0 0 0
75 0 0 0 0
75 0 0 0 0
75 0 0 0 0
75 0 0 0 0
75 0 0 0 0
75 0 0 0 0
75 0 0 0 0
75 0 0 0 0
75 0 0 0 0
75 0 0 0 0
75 0 0 0 0
75 0 0 0 0
76 0 0 0 0
76 0 0 0 0
76 0 0 0 0
76 0 0 0 0
76 0 0 0 0
76 0 0 0 0
76 0 0 0 0
76 0 0 0 0
76 0 0 0 0
76 0 0 0 0
76 0 0 0 0
76 0 0 0 0
76 0 0 0 0
76 0 0 0 0
76 0 0 0 0
76 0 0 0 0
76 0 0 0 0
76 0 0 0 0
76 0 0 0 0
76 0 0 0 0
76 0 0 0 0
76 0 0 0 0
76 0 0 0 0
76 0 0 0 0
76 0 0 0 0
76 0 0 0 0
76 0 0 0 0
76 0 0 0 0
76 0 0 0 0
76 0 0 0 0
76 0 0 0 0
76 0 0 0 0
76 0 0 0 0
76 0 0 0 0
76 0 0 0 0
76 0 0 0 0
76 0 0 0 0
76 0 0 0 0
76 0 0 0 0
76 0 0 0 0
76 0 0 0 0
76 0 0 0 0
76 0 0 0 0
76 0 0 0 0
76 0 0 0 0
76 0 0 0 0
76 0 0 0 0
76 0 0 0 0
76 0 0 0 0
76 0 0 0 0
77 0 0 0 0
77 0 0 0 0
77 0 0 0 0
77 0 0 0 0
77 0 0 0 0
77 0 0 0 0
77 0 0 0 0
77 0 0 0 0
77 0 0 0 0
77 0 0 0 0
77 0 0 0 0
77 0 0 0 0
77 0 0 0 0
77 0 0 0 0
77 0 0 0 0
77 0 0 0 0
77 0 0 0 0
77 0 0 0 0
77 0 0 0 0
77 0 0 0 0
77 0 0 1 1
77 0 0 1 1
77 0 0 1 1
77 0 0 1 1
77 0 0 1 1
77 0 0 1 1
77 0 0 1 1
77 0 0 1 1
77 0 0 1 1
77 0 0 1 1
77 0 0 1 1
77 0 0 1 1
77 0 0 1 1
77 0 0 1 1
77 0 0 1 1
77 0 0 1 1
77 0 0 1 1
77 0 0 1 1
77 0 0 1 1
77 0 0 1 1
77 0 0 1 1
78 0 0 1 1
78 0 0 1 1
78 0 0 1 1
78 0 0 1 1
78 0 0 1 1
78 0 0 1 1
78 0 0 1 1
78 0 0 1 1
78 0 0 1 1
78 0 0 1 1
78 0 0 1 1
78 0 0 1 1
78 0 0 1 1
78 0 0 1 1
78 0 0 1 1
78 0 0 1 1
78 0 0 1 1
78 0 0 1 1
78 0 0 1 1
78 0 0 1 1
78 0 0 1 1
78 0 0 1 1
78 0 0 1 1
78 0 0 1 1
78 0 0 1 1
78 0 0 1 1
78 0 0 1 1
78 0 0 1 1
78 0 0 1 1
78 0 0 1 1
78 0 0 1 1
78 0 0 1 1
78 0 0 1 1
78 0 0 1 1
78 0 0 1 1
78 0 0 1 1
78 0 0 1 1
78 0 0 1 1
78 0 0 1 1
78 0 0 1 1
78 0 0 1 1
78 0 0 1 1
78 0 0 1 1
78 0 0 1 1
78 0 0 1 1
78 0 0 1 1
78 0 0 1 1
79 0 0 1 1
79 0 0 1 1
79 0 0 1 1
79 0 0 1 1
79 0 0 1 1
79 0 0 1 1
79 0 0 1 1
79 0 0 1 1
79 0 0 1 1
79 0 0 1 1
79 0 0 1 1
79 0 0 1 1
79 0 0 1 1
79 0 0 1 1
79 0 0 1 1
79 0 0 1 1
79 0 0 1 1
79 0 0 1 1
79 0 0 1 1
79 0 0 1 1
79 0 0 1 1
79 0 0 1 1
79 0 0 1 1
79 0 0 1 1
79 0 0 1 1
79 0 0 1 1
79 0 0 1 1
79 0 0 1 1
79 0 0 1 1
79 0 0 1 1
79 0 0 1 1
79 0 0 1 1
79 0 0 1 1
79 0 0 1 1
79 0 0 1 1
79 0 0 1 1
79 0 0 1 1
79 0 0 1 1
80 0 0 1 1
80 0 0 1 1
80 0 0 1 1
80 0 0 1 1
80 0 0 1 1
80 0 0 1 1
80 0 0 1 1
80 0 0 1 1
80 0 0 1 1
80 0 0 1 1
80 0 0 1 1
80 0 0 1 1
80 0 0 1 1
80 0 0 1 1
80 0 0 1 1
80 0 0 1 1
80 0 0 1 1
80 0 0 1 1
80 0 0 1 1
80 0 0 1 1
80 0 0 1 1
80 0 0 1 1
80 0 0 1 1
80 0 0 1 1
80 0 0 1 1
80 0 0 1 1
80 0 0 1 1
80 0 0 1 1
80 0 0 1 1
80 0 0 1 1
80 0 0 1 1
80 0 0 1 1
80 0 0 1 1
80 0 0 1 1
80 0 0 1 1
80 0 0 1 1
80 0 0 1 1
80 0 0 1 1
80 0 0 1 1
80 0 0 1 1
81 0 0 1 1
81 0 0 1 1
81 0 0 1 1
81 0 0 1 1
81 0 0 1 1
81 0 0 1 1
81 0 0 1 1
81 0 0 1 1
81 0 0 1 1
81 0 0 1 1
81 0 0 1 1
81 0 0 1 1
81 0 0 1 1
81 0 0 1 1
81 0 0 1 1
81 0 0 1 1
81 0 0 1 1
81 0 0 1 1
81 0 0 1 1
81 0 0 1 1
81 0 0 1 1
81 0 0 1 1
81 0 0 1 1
81 0 0 1 1
81 0 0 1 1
81 0 0 1 1
81 0 0 1 1
81 0 0 1 1
81 0 0 1 1
81 0 0 1 1
81 0 0 1 1
81 0 0 1 1
81 0 0 1 1
81 0 0 1 1
81 0 0 1 1
81 0 0 1 1
81 0 0 1 1
81 0 0 1 1
81 0 0 1 1
81 0 0 1 1
82 0 0 1 1
82 0 0 1 1
82 0 0 1 1
82 0 0 1 1
82 0 0 1 1
82 0 0 1 1
82 0 0 1 1
82 0 0 1 1
82 0 0 1 1
82 0 0 1 1
82 0 0 1 1
82 0 0 1 1
82 0 0 1 1
82 0 0 1 1
82 0 0 1 1
82 0 0 1 1
82 0 0 1 1
82 0 0 1 1
82 0 0 1 1
82 0 0 1 1
82 0 0 1 1
82 0 0 1 1
82 0 0 1 1
82 0 0 1 1
82 0 0 1 1
82 0 0 1 1
82 0 0 1 1
82 0 0 1 1
82 0 0 1 1
82 0 0 1 1
82 0 0 1 1
82 0 0 1 1
82 0 0 1 1
82 0 0 1 1
82 0 0 1 1
82 0 0 1 1
82 0 0 1 1
82 0 0 1 1
82 0 0 1 1
82 0 0 1 1
82 0 0 1 1
82 0 0 1 1
83 0 0 1 1
83 0 0 1 1
83 0 0 1 1
83 0 0 1 1
83 0 0 1 1
83 0 0 1 1
83 0 0 1 1
83 0 0 1 1
83 0 0 1 1
83 0 0 1 1
83 0 0 1 1
83 0 0 1 1
83 0 0 1 1
83 0 0 1 1
83 0 0 1 1
83 0 0 1 1
83 0 0 1 1
83 0 0 1 1
83 0 0 1 1
83 0 0 1 1
83 0 0 1 1
83 0 0 1 1
83 0 0 1 1
83 0 0 1 1
83 0 0 1 1
83 0 0 1 1
83 0 0 1 1
83 0 0 1 1
83 0 0 1 1
83 0 0 1 1
83 0 0 1 1
83 0 0 1 1
83 0 0 1 1
83 0 0 1 1
83 0 0 1 1
83 0 0 1 1
83 0 0 1 1
83 0 0 1 1
83 0 0 1 1
83 0 0 1 1
83 0 0 1 1
83 0 0 1 1
83 0 0 1 1
83 0 0 1 1
83 0 0 1 1
83 0 0 1 1
83 0 0 1 1
83 0 0 1 1
84 0 0 1 1
84 0 0 1 1
84 0 0 1 1
84 0 0 1 1
84 0 0 1 1
84 0 0 1 1
84 0 0 1 1
84 0 0 1 1
84 0 0 1 1
84 0 0 1 1
84 0 0 1 1
84 0 0 1 1
84 0 0 1 1
84 0 0 1 1
84 0 0 1 1
84 0 0 1 1
84 0 0 1 1
84 0 0 1 1
84 0 0 1 1
84 0 0 1 1
84 0 0 1 1
84 0 0 1 1
84 0 0 1 1
84 0 0 1 1
84 0 0 1 1
84 0 0 1 1
84 0 0 1 1
84 0 0 1 1
84 0 0 1 1
84 0 0 1 1
84 0 0 1 1
84 0 0 1 1
84 0 0 1 1
84 0 0 1 1
84 0 0 1 1
84 0 0 1 1
84 0 0 1 1
84 0 0 1 1
84 0 0 1 1
84 0 0 1 1
84 0 0 1 1
84 0 0 1 1
84 0 0 1 1
84 0 0 1 1
84 0 0 1 1
84 0 0 1 1
84 0 0 1 1
85 0 0 1 1
85 0 0 1 1
85 0 0 1 1
85 0 0 1 1
85 0 0 1 1
85 0 0 1 1
85 0 0 1 1
85 0 0 1 1
85 0 0 1 1
85 0 0 1 1
85 0 0 1 1
85 0 0 1 1
85 0 0 1 1
85 0 0 1 1
85 0 0 1 1
85 0 0 1 1
85 0 0 1 1
85 0 0 1 1
85 0 0 1 1
85 0 0 1 1
85 0 0 1 1
85 0 0 1 1
85 0 0 1 1
85 0 0 1 1
85 0 0 1 1
85 0 0 1 1
85 0 0 1 1
85 0 0 1 1
85 0 0 1 1
85 0 0 1 1
85 0 0 1 1
85 0 0 1 1
85 0 0 1 1
86 0 0 1 1
86 0 0 1 1
86 0 0 1 1
86 0 0 1 1
86 0 0 1 1
86 0 0 1 1
86 0 0 1 1
86 0 0 1 1
86 0 0 1 1
86 0 0 1 1
86 0 0 1 1
86 0 0 1 1
86 0 0 1 1
86 0 0 1 1
86 0 0 1 1
86 0 0 1 1
86 0 0 1 1
86 0 0 1 1
86 0 0 1 1
86 0 0 1 1
86 0 0 1 1
86 0 0 1 1
86 0 0 1 1
86 0 0 1 1
86 0 0 1 1
86 0 0 1 1
86 0 0 1 1
86 0 0 1 1
86 0 0 1 1
86 0 0 1 1
87 0 0 1 1
87 0 0 1 1
87 0 0 1 1
87 0 0 1 1
87 0 0 1 1
87 0 0 1 1
87 0 0 1 1
87 0 0 1 1
87 0 0 1 1
87 0 0 1 1
87 0 0 1 1
87 0 0 1 1
87 0 0 1 1
87 0 0 1 1
87 0 0 1 1
87 0 0 1 1
87 0 0 1 1
87 0 0 1 1
87 0 0 1 1
87 0 0 1 1
87 0 0 1 1
87 0 0 1 1
87 0 0 1 1
87 0 0 1 1
87 0 0 1 1
87 0 0 1 1
87 0 0 1 1
87 0 0 1 1
87 0 0 1 1
87 0 0 1 1
87 0 0 1 1
87 0 0 1 1
88 0 0 1 1
88 0 0 1 1
88 0 0 1 1
88 0 0 1 1
88 0 0 1 1
88 0 0 1 1
88 0 0 1 1
88 0 0 1 1
88 0 0 1 1
88 0 0 1 1
88 0 0 1 1
88 0 0 1 1
88 0 0 1 1
88 0 0 1 1
88 0 0 1 1
88 0 0 1 1
88 0 0 1 1
88 0 0 1 1
88 0 0 1 1
88 0 0 1 1
88 0 0 1 1
88 0 0 1 1
88 0 0 1 1
88 0 0 1 1
88 0 0 1 1
88 0 0 1 1
88 0 0 1 1
88 0 0 1 1
88 0 0 1 1
88 0 0 1 1
88 0 0 1 1
88 0 0 1 1
88 0 0 1 1
88 0 0 1 1
88 0 0 1 1
88 0 0 1 1
88 0 0 1 1
88 0 0 1 1
88 0 0 1 1
88 0 0 1 1
88 0 0 1 1
88 0 0 1 1
88 0 0 1 1
88 0 0 1 1
88 0 0 1 1
89 0 0 1 1
89 0 0 1 1
89 0 0 1 1
89 0 0 1 1
89 0 0 1 1
89 0 0 1 1
89 0 0 1 1
89 0 0 1 1
89 0 0 1 1
89 0 0 1 1
89 0 0 1 1
89 0 0 1 1
89 0 0 1 1
89 0 0 1 1
89 0 0 1 1
89 0 0 1 1
89 0 0 1 1
89 0 0 1 1
89 0 0 1 1
89 0 0 1 1
89 0 0 1 1
89 0 0 1 1
89 0 0 1 1
89 0 0 1 1
89 0 0 1 1
89 0 0 1 1
89 0 0 1 1
89 0 0 1 1
89 0 0 1 1
89 0 0 1 1
89 0 0 1 1
89 0 0 1 1
89 0 0 1 1
89 0 0 1 1
89 0 0 1 1
89 0 0 1 1
89 0 0 1 1
89 0 0 1 1
89 0 0 1 1
89 0 0 1 1
89 0 0 1 1
89 0 0 1 1
89 0 0 1 1
89 0 0 1 1
89 0 0 1 1
89 0 0 1 1
89 0 0 1 1
89 0 0 1 1
90 0 0 1 1
90 0 0 1 1
90 0 0 1 1
90 0 0 1 1
90 0 0 1 1
90 0 0 1 1
90 0 0 1 1
90 0 0 1 1
90 0 0 1 1
90 0 0 1 1
90 0 0 1 1
90 0 0 1 1
90 0 0 1 1
90 0 0 1 1
90 0 0 1 1
90 0 0 1 1
90 0 0 1 1
90 0 0 1 1
90 0 0 1 1
90 0 0 1 1
90 0 0 1 1
90 0 0 1 1
90 0 0 1 1
90 0 0 1 1
90 0 0 1 1
90 0 0 1 1
90 0 0 1 1
90 0 0 1 1
90 0 0 1 1
90 0 0 1 1
90 0 0 1 1
90 0 0 1 1
90 0 0 1 1
90 0 0 1 1
90 0 0 1 1
90 0 0 1 1
90 0 0 1 1
90 0 0 1 1
90 0 0 1 1
90 0 0 1 1
90 0 0 1 1
90 0 0 1 1
91 0 0 1 1
91 0 0 1 1
91 0 0 1 1
91 0 0 1 1
91 0 0 1 1
91 0 0 1 1
91 0 0 1 1
91 0 0 1 1
91 0 0 1 1
91 0 0 1 1
91 0 0 1 1
91 0 0 1 1
91 0 0 1 1
91 0 0 1 1
91 0 0 1 1
91 0 0 1 1
91 0 0 1 1
91 0 0 1 1
91 0 0 1 1
91 0 0 1 1
91 0 0 1 1
91 0 0 1 1
91 0 0 1 1
91 0 0 1 1
91 0 0 1 1
91 0 0 1 1
91 0 0 1 1
91 0 0 1 1
91 0 0 1 1
91 0 0 1 1
92 0 0 1 1
92 0 0 1 1
92 0 0 1 1
92 0 0 1 1
92 0 0 1 1
92 0 0 1 1
92 0 0 1 1
92 0 0 1 1
92 0 0 1 1
92 0 0 1 1
92 0 0 1 1
92 0 0 1 1
92 0 0 1 1
92 0 0 1 1
92 0 0 1 1
92 0 0 1 1
92 0 0 1 1
92 0 0 1 1
92 0 0 1 1
92 0 0 1 1
92 0 0 1 1
92 0 0 1 1
92 0 0 1 1
92 0 0 1 1
92 0 0 1 1
92 0 0 1 1
92 0 0 1 1
92 0 0 1 1
92 0 0 1 1
92 0 0 1 1
92 0 0 1 1
92 0 0 1 1
92 0 0 1 1
92 0 0 1 1
92 0 0 1 1
92 0 0 1 1
92 0 0 1 1
92 0 0 1 1
92 0 0 1 1
92 0 0 1 1
92 0 0 1 1
92 0 0 1 1
92 0 0 1 1
93 0 0 1 1
93 0 0 1 1
93 0 0 1 1
93 0 0 1 1
93 0 0 1 1
93 0 0 1 1
93 0 0 1 1
93 0 0 1 1
93 0 0 1 1
93 0 0 1 1
93 0 0 1 1
93 0 0 1 1
93 0 0 1 1
93 0 0 1 1
93 0 0 1 1
93 0 0 1 1
93 0 0 1 1
93 0 0 1 1
93 0 0 1 1
93 0 0 1 1
93 0 0 1 1
93 0 0 1 1
93 0 0 1 1
93 0 0 1 1
93 0 0 1 1
93 0 0 1 1
93 0 0 1 1
93 0 0 1 1
93 0 0 1 1
93 0 0 1 1
93 0 0 1 1
93 0 0 1 1
93 0 0 1 1
93 0 0 1 1
93 0 0 1 1
94 0 0 1 1
94 0 0 1 1
94 0 0 1 1
94 0 0 1 1
94 0 0 1 1
94 0 0 1 1
94 0 0 1 1
94 0 0 1 1
94 0 0 1 1
94 0 0 1 1
94 0 0 1 1
94 0 0 1 1
94 0 0 1 1
94 0 0 1 1
94 0 0 1 1
94 0 0 1 1
94 0 0 1 1
94 0 0 1 1
94 0 0 1 1
94 0 0 1 1
94 0 0 1 1
94 0 0 1 1
94 0 0 1 1
94 0 0 1 1
94 0 0 1 1
94 0 0 1 1
94 0 0 1 1
94 0 0 1 1
94 0 0 1 1
94 0 0 1 1
94 0 0 1 1
94 0 0 1 1
94 0 0 1 1
94 0 0 1 1
94 0 0 1 1
94 0 0 1 1
94 0 0 1 1
94 0 0 1 1
94 0 0 1 1
94 0 0 1 1
94 0 0 1 1
94 0 0 1 1
94 0 0 1 1
94 0 0 1 1
94 0 0 1 1
95 0 0 1 1
95 0 0 1 1
95 0 0 1 1
95 0 0 1 1
95 0 0 1 1
95 0 0 1 1
95 0 0 1 1
95 0 0 1 1
95 0 0 1 1
95 0 0 1 1
95 0 0 1 1
95 0 0 1 1
95 0 0 1 1
95 0 0 1 1
95 0 0 1 1
95 0 0 1 1
95 0 0 1 1
95 0 0 1 1
95 0 0 1 1
95 0 0 1 1
95 0 0 1 1
95 0 0 1 1
95 0 0 1 1
95 0 0 1 1
95 0 0 1 1
95 0 0 1 1
95 0 0 1 1
95 0 0 1 1
95 0 0 1 1
95 0 0 1 1
95 0 0 1 1
95 0 0 1 1
95 0 0 1 1
95 0 0 1 1
95 0 0 1 1
96 0 0 1 1
96 0 0 1 1
96 0 0 1 1
96 0 0 1 1
96 0 0 1 1
96 0 0 1 1
96 0 0 1 1
96 0 0 1 1
96 0 0 1 1
96 0 0 1 1
96 0 0 1 1
96 0 0 1 1
96 0 0 1 1
96 0 0 1 1
96 0 0 1 1
96 0 0 1 1
96 0 0 1 1
96 0 0 1 1
96 0 0 1 1
96 0 0 1 1
96 0 0 1 1
96 0 0 1 1
96 0 0 1 1
96 0 0 1 1
96 0 0 1 1
96 0 0 1 1
96 0 0 1 1
96 0 0 1 1
96 0 0 1 1
96 0 0 1 1
96 0 0 1 1
96 0 0 1 1
96 0 0 1 1
96 0 0 1 1
96 0 0 1 1
96 0 0 1 1
96 0 0 1 1
96 0 0 1 1
96 0 0 1 1
96 0 0 1 1
96 0 0 1 1
96 0 0 1 1
96 0 0 1 1
96 0 0 1 1
96 0 0 1 1
97 0 0 1 1
97 0 0 1 1
97 0 0 1 1
97 0 0 1 1
97 0 0 1 1
97 0 0 1 1
97 0 0 1 1
97 0 0 1 1
97 0 0 1 1
97 0 0 1 1
97 0 0 1 1
97 0 0 1 1
97 0 0 1 1
97 0 0 1 1
97 0 0 1 1
97 0 0 1 1
97 0 0 1 1
97 0 0 1 1
97 0 0 1 1
97 0 0 1 1
97 0 0 1 1
97 0 0 1 1
97 0 0 1 1
97 0 0 1 1
97 0 0 1 1
97 0 0 1 1
97 0 0 1 1
97 0 0 1 1
97 0 0 1 1
97 0 0 1 1
97 0 0 1 1
97 0 0 1 1
97 0 0 1 1
97 0 0 1 1
97 0 0 1 1
97 0 0 1 1
97 0 0 1 1
97 0 0 1 1
97 0 0 1 1
97 0 0 1 1
97 0 0 1 1
97 0 0 1 1
97 0 0 1 1
97 0 0 1 1
97 0 0 1 1
97 0 0 1 1
97 0 0 1 1
98 0 0 1 1
98 0 0 1 1
98 0 0 1 1
98 0 0 1 1
98 0 0 1 1
98 0 0 1 1
98 0 0 1 1
98 0 0 1 1
98 0 0 1 1
98 0 0 1 1
98 0 0 1 1
98 0 0 1 1
98 0 0 1 1
98 0 0 1 1
98 0 0 1 1
98 0 0 1 1
98 0 0 1 1
98 0 0 1 1
98 0 0 1 1
98 0 0 1 1
98 0 0 1 1
98 0 0 1 1
98 0 0 1 1
98 0 0 1 1
98 0 0 1 1
98 0 0 1 1
98 0 0 1 1
98 0 0 1 1
98 0 0 1 1
98 0 0 1 1
98 0 0 1 1
98 0 0 1 1
98 0 0 1 1
98 0 0 1 1
98 0 0 1 1
98 0 0 1 1
98 0 0 1 1
98 0 0 1 1
98 0 0 1 1
98 0 0 1 1
98 0 0 1 1
98 0 0 1 1
98 0 0 1 1
98 0 0 1 1
98 0 0 1 1
99 0 0 1 1
99 0 0 1 1
99 0 0 1 1
99 0 0 1 1
99 0 0 1 1
99 0 0 1 1
99 0 0 1 1
99 0 0 1 1
99 0 0 1 1
99 0 0 1 1
99 0 0 1 1
99 0 0 1 1
99 0 0 1 1
99 0 0 1 1
99 0 0 1 1
99 0 0 1 1
99 0 0 1 1
99 0 0 1 1
99 0 0 1 1
99 0 0 1 1
99 0 0 1 1
99 0 0 1 1
99 0 0 1 1
99 0 0 1 1
99 0 0 1 1
99 0 0 1 1
99 0 0 1 1
99 0 0 1 1
99 0 0 1 1
99 0 0 1 1
99 0 0 1 1
99 0 0 1 1
99 0 0 1 1
99 0 0 1 1
99 0 0 1 1
99 0 0 1 1
99 0 0 1 1
99 0 0 1 1
99 0 0 1 1
99 0 0 1 1
99 0 0 1 1
99 0 0 1 1
99 0 0 1 1
100 0 0 1 1
100 0 0 1 1
100 0 0 1 1
100 0 0 1 1
100 0 0 1 1
100 0 0 1 1
100 0 0 1 1
100 0 0 1 1
100 0 0 1 1
100 0 0 1 1
100 0 0 1 1
100 0 0 1 1
100 0 0 1 1
100 0 0 1 1
100 0 0 1 1
100 0 0 1 1
100 0 0 1 1
100 0 0 1 1
100 0 0 1 1
100 0 0 1 1
100 0 0 1 1
100 0 0 1 1
100 0 0 1 1
100 0 0 1 1
100 0 0 1 1
100 0 0 1 1
100 0 0 1 1
100 0 0 1 1
100 0 0 1 1
100 0 0 1 1
100 0 0 1 1
100 0 0 1 1
100 0 0 1 1
100 0 0 1 1
100 0 0 1 1
100 0 0 1 1
100 0 0 1 1
100 0 0 1 1
100 0 0 1 1
100 0 0 1 1
100 0 0 1 1
100 0 0 1 1
100 0 0 1 1
100 0 0 1 1
100 0 0 1 1
101 0 0 1 1
101 0 0 1 1
101 0 0 1 1
101 0 0 1 1
101 0 0 1 1
101 0 0 1 1
101 0 0 1 1
101 0 0 1 1
101 0 0 1 1
101 0 0 1 1
101 0 0 1 1
101 0 0 1 1
101 0 0 1 1
101 0 0 1 1
101 0 0 1 1
101 0 0 1 1
101 0 0 1 1
101 0 0 1 1
101 0 0 1 1
101 0 0 1 1
101 0 0 1 1
101 0 0 1 1
101 0 0 1 1
101 0 0 1 1
101 0 0 1 1
101 0 0 1 1
101 0 0 1 1
101 0 0 1 1
101 0 0 1 1
101 0 0 1 1
101 0 0 1 1
101 0 0 1 1
101 0 0 1 1
101 0 0 1 1
101 0 0 1 1
101 0 0 1 1
101 0 0 1 1
101 0 0 1 1
101 0 0 1 1
101 0 0 1 1
101 0 0 1 1
101 0 0 1 1
101 0 0 1 1
101 0 0 1 1
101 0 0 1 1
102 0 0 1 1
102 0 0 1 1
102 0 0 1 1
102 0 0 1 1
102 0 0 1 1
102 0 0 1 1
102 0 0 1 1
102 0 0 1 1
102 0 0 1 1
102 0 0 1 1
102 0 0 1 1
102 0 0 1 1
102 0 0 1 1
102 0 0 1 1
102 0 0 1 1
102 0 0 1 1
102 0 0 1 1
102 0 0 1 1
102 0 0 1 1
102 0 0 1 1
102 0 0 1 1
102 0 0 1 1
102 0 0 1 1
102 0 0 1 1
102 0 0 1 1
102 0 0 1 1
102 0 0 1 1
102 0 0 1 1
102 0 0 1 1
102 0 0 1 1
102 0 0 1 1
102 0 0 1 1
102 0 0 1 1
102 0 0 1 1
102 0 0 1 1
102 0 0 1 1
102 0 0 1 1
102 0 0 1 1
102 0 0 1 1
102 0 0 1 1
103 0 0 1 1
103 0 0 1 1
103 0 0 1 1
103 0 0 1 1
103 0 0 1 1
103 0 0 1 1
103 0 0 1 1
103 0 0 1 1
103 0 0 1 1
103 0 0 1 1
103 0 0 1 1
103 0 0 1 1
103 0 0 1 1
103 0 0 1 1
103 0 0 1 1
103 0 0 1 1
103 0 0 1 1
103 0 0 1 1
103 0 0 1 1
103 0 0 1 1
103 0 0 1 1
103 0 0 1 1
103 0 0 1 1
103 0 0 1 1
103 0 0 1 1
103 0 0 1 1
103 0 0 1 1
103 0 0 1 1
103 0 0 1 1
103 0 0 1 1
103 0 0 1 1
103 0 0 1 1
103 0 0 1 1
103 0 0 1 1
103 0 0 1 1
103 0 0 1 1
103 0 0 1 1
103 0 0 1 1
103 0 0 1 1
103 0 0 1 1
103 0 0 1 1
103 0 0 1 1
103 0 0 1 1
103 0 0 1 1
103 0 0 1 1
103 0 0 1 1
103 0 0 1 1
104 0 0 1 1
104 0 0 1 1
104 0 0 1 1
104 0 0 1 1
104 0 0 1 1
104 0 0 1 1
104 0 0 1 1
104 0 0 1 1
104 0 0 1 1
104 0 0 1 1
104 0 0 1 1
104 0 0 1 1
104 0 0 1 1
104 0 0 1 1
104 0 0 1 1
104 0 0 1 1
104 0 0 1 1
104 0 0 1 1
104 0 0 1 1
104 0 0 1 1
104 0 0 1 1
104 0 0 1 1
104 0 0 1 1
104 0 0 1 1
104 0 0 1 1
104 0 0 1 1
104 0 0 1 1
104 0 0 1 1
104 0 0 1 1
104 0 0 1 1
104 0 0 1 1
104 0 0 1 1
104 0 0 1 1
104 0 0 1 1
104 0 0 1 1
104 0 0 1 1
104 0 0 1 1
104 0 0 1 1
104 0 0 1 1
104 0 0 1 1
104 0 0 1 1
104 0 0 1 1
104 0 0 1 1
104 0 0 1 1
104 0 0 1 1
105 0 0 1 1
105 0 0 1 1
105 0 0 1 1
105 0 0 1 1
105 0 0 1 1
105 0 0 1 1
105 0 0 1 1
105 0 0 1 1
105 0 0 1 1
105 0 0 1 1
105 0 0 1 1
105 0 0 1 1
105 0 0 1 1
105 0 0 1 1
105 0 0 1 1
105 0 0 1 1
105 0 0 1 1
105 0 0 1 1
105 0 0 1 1
105 0 0 1 1
105 0 0 1 1
105 0 0 1 1
105 0 0 1 1
105 0 0 1 1
105 0 0 1 1
105 0 0 1 1
105 0 0 1 1
105 0 0 1 1
105 0 0 1 1
105 0 0 1 1
105 0 0 1 1
105 0 0 1 1
105 0 0 1 1
105 0 0 1 1
105 0 0 1 1
105 0 0 1 1
105 0 0 1 1
105 0 0 1 1
105 0 0 1 1
105 0 0 1 1
106 0 0 1 1
106 0 0 1 1
106 0 0 1 1
106 0 0 1 1
106 0 0 1 1
106 0 0 1 1
106 0 0 1 1
106 0 0 1 1
106 0 0 1 1
106 0 0 1 1
106 0 0 1 1
106 0 0 1 1
106 0 0 1 1
106 0 0 1 1
106 0 0 1 1
106 0 0 1 1
106 0 0 1 1
106 0 0 1 1
106 0 0 1 1
106 0 0 1 1
106 0 0 1 1
106 0 0 1 1
106 0 0 1 1
106 0 0 1 1
106 0 0 1 1
106 0 0 1 1
106 0 0 1 1
106 0 0 1 1
106 0 0 1 1
106 0 0 1 1
106 0 0 1 1
106 0 0 1 1
106 0 0 1 1
106 0 0 1 1
106 0 0 1 1
106 0 0 1 1
106 0 0 1 1
106 0 0 1 1
106 0 0 1 1
106 0 0 1 1
107 0 0 1 1
107 0 0 1 1
107 0 0 1 1
107 0 0 1 1
107 0 0 1 1
107 0 0 1 1
107 0 0 1 1
107 0 0 1 1
107 0 0 1 1
107 0 0 1 1
107 0 0 1 1
107 0 0 1 1
107 0 0 1 1
107 0 0 1 1
107 0 0 1 1
107 0 0 1 1
107 0 0 1 1
107 0 0 1 1
107 0 0 1 1
107 0 0 1 1
107 0 0 1 1
107 0 0 1 1
107 0 0 1 1
107 0 0 1 1
107 0 0 1 1
107 0 0 1 1
107 0 0 1 1
107 0 0 1 1
107 0 0 1 1
107 0 0 1 1
107 0 0 1 1
107 0 0 1 1
107 0 0 1 1
107 0 0 1 1
107 0 0 1 1
107 0 0 1 1
107 0 0 1 1
107 0 0 1 1
107 0 0 1 1
107 0 0 1 1
107 0 0 1 1
107 0 0 1 1
107 0 0 1 1
107 0 0 1 1
107 0 0 1 1
108 0 0 1 1
108 0 0 1 1
108 0 0 1 1
108 0 0 1 1
108 0 0 1 1
108 0 0 1 1
108 0 0 1 1
108 0 0 1 1
108 0 0 1 1
108 0 0 1 1
108 0 0 1 1
108 0 0 1 1
108 0 0 1 1
108 0 0 1 1
108 0 0 1 1
108 0 0 1 1
108 0 0 1 1
108 0 0 1 1
108 0 0 1 1
108 0 0 1 1
108 0 0 1 1
108 0 0 1 1
108 0 0 1 1
108 0 0 1 1
108 0 0 1 1
108 0 0 1 1
108 0 0 1 1
108 0 0 1 1
108 0 0 1 1
108 0 0 1 1
108 0 0 1 1
108 0 0 1 1
108 0 0 1 1
108 0 0 1 1
108 0 0 1 1
108 0 0 1 1
108 0 0 1 1
108 0 0 1 1
108 0 0 1 1
108 0 0 1 1
108 0 0 1 1
108 0 0 1 1
108 0 0 1 1
108 0 0 1 1
108 0 0 1 1
109 0 0 1 1
109 0 0 1 1
109 0 0 1 1
109 0 0 1 1
109 0 0 1 1
109 0 0 1 1
109 0 0 1 1
109 0 0 1 1
109 0 0 1 1
109 0 0 1 1
109 0 0 1 1
109 0 0 1 1
109 0 0 1 1
109 0 0 1 1
109 0 0 1 1
109 0 0 1 1
109 0 0 1 1
109 0 0 1 1
109 0 0 1 1
109 0 0 1 1
109 0 0 1 1
109 0 0 1 1
109 0 0 1 1
109 0 0 1 1
109 0 0 1 1
109 0 0 1 1
109 0 0 1 1
109 0 0 1 1
109 0 0 1 1
109 0 0 1 1
109 0 0 1 1
109 0 0 1 1
109 0 0 1 1
109 0 0 1 1
109 0 0 1 1
109 0 0 1 1
109 0 0 1 1
109 0 0 1 1
109 0 0 1 1
109 0 0 1 1
109 0 0 1 1
109 0 0 1 1
109 0 0 1 1
110 0 0 1 1
110 0 0 1 1
110 0 0 1 1
110 0 0 1 1
110 0 0 1 1
110 0 0 1 1
110 0 0 1 1
110 0 0 1 1
110 0 0 1 1
110 0 0 1 1
110 0 0 1 1
110 0 0 1 1
110 0 0 1 1
110 0 0 1 1
110 0 0 1 1
110 0 0 1 1
110 0 0 1 1
110 0 0 1 1
110 0 0 1 1
110 0 0 1 1
110 0 0 1 1
110 0 0 1 1
110 0 0 1 1
110 0 0 1 1
110 0 0 1 1
110 0 0 1 1
110 0 0 1 1
110 0 0 1 1
110 0 0 1 1
110 0 0 1 1
110 0 0 1 1
110 0 0 1 1
110 0 0 1 1
110 0 0 1 1
110 0 0 1 1
110 0 0 1 1
110 0 0 1 1
110 0 0 1 1
110 0 0 1 1
110 0 0 1 1
110 0 0 1 1
110 0 0 1 1
110 0 0 1 1
110 0 0 1 1
110 0 0 1 1
111 0 0 1 1
111 0 0 1 1
111 0 0 1 1
111 0 0 1 1
111 0 0 1 1
111 0 0 1 1
111 0 0 1 1
111 0 0 1 1
111 0 0 1 1
111 0 0 1 1
111 0 0 1 1
111 0 0 1 1
111 0 0 1 1
111 0 0 1 1
111 0 0 1 1
111 0 0 1 1
111 0 0 1 1
111 0 0 1 1
111 0 0 1 1
111 0 0 1 1
111 0 0 1 1
111 0 0 1 1
111 0 0 1 1
111 0 0 1 1
111 0 0 1 1
111 0 0 1 1
111 0 0 1 1
111 0 0 1 1
111 0 0 1 1
111 0 0 1 1
111 0 0 1 1
111 0 0 1 1
111 0 0 1 1
111 0 0 1 1
111 0 0 1 1
111 0 0 1 1
111 0 0 1 1
111 0 0 1 1
111 0 0 1 1
111 0 0 1 1
111 0 0 1 1
111 0 0 1 1
112 0 0 1 1
112 0 0 1 1
112 0 0 1 1
112 0 0 1 1
112 0 0 1 1
112 0 0 1 1
112 0 0 1 1
112 0 0 1 1
112 0 0 1 1
112 0 0 1 1
112 0 0 1 1
112 0 0 1 1
112 0 0 1 1
112 0 0 1 1
112 0 0 1 1
112 0 0 1 1
112 0 0 1 1
112 0 0 1 1
112 0 0 1 1
112 0 0 1 1
112 0 0 1 1
112 0 0 1 1
112 0 0 1 1
112 0 0 1 1
112 0 0 1 1
112 0 0 1 1
112 0 0 1 1
112 0 0 1 1
112 0 0 1 1
112 0 0 1 1
112 0 0 1 1
112 0 0 1 1
112 0 0 1 1
112 0 0 1 1
112 0 0 1 1
112 0 0 1 1
112 0 0 1 1
112 0 0 1 1
112 0 0 1 1
112 0 0 1 1
112 0 0 1 1
112 0 0 1 1
112 0 0 1 1
113 0 0 1 1
113 0 0 1 1
113 0 0 1 1
113 0 0 1 1
113 0 0 1 1
113 0 0 1 1
113 0 0 1 1
113 0 0 1 1
113 0 0 1 1
113 0 0 1 1
113 0 0 1 1
113 0 0 1 1
113 0 0 1 1
113 0 0 1 1
113 0 0 1 1
113 0 0 1 1
113 0 0 1 1
113 0 0 1 1
113 0 0 1 1
113 0 0 1 1
113 0 0 1 1
113 0 0 1 1
113 0 0 1 1
113 0 0 1 1
113 0 0 1 1
113 0 0 1 1
113 0 0 1 1
113 0 0 1 1
113 0 0 1 1
113 0 0 1 1
113 0 0 1 1
113 0 0 1 1
113 0 0 1 1
113 0 0 1 1
113 0 0 1 1
113 0 0 1 1
113 0 0 1 1
113 0 0 1 1
113 0 0 1 1
113 0 0 1 1
113 0 0 1 1
113 0 0 1 1
113 0 0 1 1
113 0 0 1 1
113 0 0 1 1
113 0 0 1 1
113 0 0 1 1
114 0 0 1 1
114 0 0 1 1
114 0 0 1 1
114 0 0 1 1
114 0 0 1 1
114 0 0 1 1
114 0 0 1 1
114 0 0 1 1
114 0 0 1 1
114 0 0 1 1
114 0 0 1 1
114 0 0 1 1
114 0 0 1 1
114 0 0 1 1
114 0 0 1 1
114 0 0 1 1
114 0 0 1 1
114 0 0 1 1
114 0 0 1 1
114 0 0 1 1
114 0 0 1 1
114 0 0 1 1
114 0 0 1 1
114 0 0 1 1
114 0 0 1 1
114 0 0 1 1
114 0 0 1 1
114 0 0 1 1
114 0 0 1 1
114 0 0 1 1
114 0 0 1 1
114 0 0 1 1
114 0 0 1 1
114 0 0 1 1
114 0 0 1 1
114 0 0 1 1
114 0 0 1 1
114 0 0 1 1
114 0 0 1 1
114 0 0 1 1
114 0 0 1 1
114 0 0 1 1
114 0 0 1 1
114 0 0 1 1
114 0 0 1 1
114 0 0 1 1
114 0 0 1 1
114 0 0 1 1
114 0 0 1 1
114 0 0 1 1
115 0 0 1 1
115 0 0 1 1
115 0 0 1 1
115 0 0 1 1
115 0 0 1 1
115 0 0 1 1
115 0 0 1 1
115 0 0 1 1
115 0 0 1 1
115 0 0 1 1
115 0 0 1 1
115 0 0 1 1
115 0 0 1 1
115 0 0 1 1
115 0 0 1 1
115 0 0 1 1
115 0 0 1 1
115 0 0 1 1
115 0 0 1 1
115 0 0 1 1
115 0 0 1 1
115 0 0 1 1
115 0 0 1 1
115 0 0 1 1
115 0 0 1 1
115 0 0 1 1
115 0 0 1 1
115 0 0 1 1
115 0 0 1 1
115 0 0 1 1
115 0 0 1 1
115 0 0 1 1
115 0 0 1 1
115 0 0 1 1
115 0 0 1 1
115 0 0 1 1
115 0 0 1 1
115 0 0 1 1
116 0 0 1 1
116 0 0 1 1
116 0 0 1 1
116 0 0 1 1
116 0 0 1 1
116 0 0 1 1
116 0 0 1 1
116 0 0 1 1
116 0 0 1 1
116 0 0 1 1
116 0 0 1 1
116 0 0 1 1
116 0 0 1 1
116 0 0 1 1
116 0 0 1 1
116 0 0 1 1
116 0 0 1 1
116 0 0 1 1
116 0 0 1 1
116 0 0 1 1
116 0 0 1 1
116 0 0 1 1
116 0 0 1 1
116 0 0 1 1
116 0 0 1 1
116 0 0 1 1
116 0 0 1 1
116 0 0 1 1
116 0 0 1 1
116 0 0 1 1
116 0 0 1 1
116 0 0 1 1
116 0 0 1 1
116 0 0 1 1
116 0 0 1 1
116 0 0 1 1
116 0 0 1 1
117 0 0 1 1
117 0 0 1 1
117 0 0 1 1
117 0 0 1 1
117 0 0 1 1
117 0 0 1 1
117 0 0 1 1
117 0 0 1 1
117 0 0 1 1
117 0 0 1 1
117 0 0 1 1
117 0 0 1 1
117 0 0 1 1
117 0 0 1 1
117 0 0 1 1
117 0 0 1 1
117 0 0 1 1
117 0 0 1 1
117 0 0 1 1
117 0 0 1 1
117 0 0 1 1
117 0 0 1 1
117 0 0 1 1
117 0 0 1 1
117 0 0 1 1
117 0 0 1 1
117 0 0 1 1
117 0 0 1 1
117 0 0 1 1
117 0 0 1 1
117 0 0 1 1
117 0 0 1 1
117 0 0 1 1
117 0 0 1 1
117 0 0 1 1
117 0 0 1 1
117 0 0 1 1
117 0 0 1 1
117 0 0 1 1
117 0 0 1 1
118 0 0 1 1
118 0 0 1 1
118 0 0 1 1
118 0 0 1 1
118 0 0 1 1
118 0 0 1 1
118 0 0 1 1
118 0 0 1 1
118 0 0 1 1
118 0 0 1 1
118 0 0 1 1
118 0 0 1 1
118 0 0 1 1
118 0 0 1 1
118 0 0 1 1
118 0 0 1 1
118 0 0 1 1
118 0 0 1 1
118 0 0 1 1
118 0 0 1 1
118 0 0 1 1
118 0 0 1 1
118 0 0 1 1
118 0 0 1 1
118 0 0 1 1
118 0 0 1 1
118 0 0 1 1
118 0 0 1 1
118 0 0 1 1
118 0 0 1 1
118 0 0 1 1
118 0 0 1 1
118 0 0 1 1
118 0 0 1 1
118 0 0 1 1
118 0 0 1 1
118 0 0 1 1
118 0 0 1 1
118 0 0 1 1
118 0 0 1 1
118 0 0 1 1
118 0 0 1 1
118 0 0 1 1
118 0 0 1 1
118 0 0 1 1
119 0 0 1 1
119 0 0 1 1
119 0 0 1 1
119 0 0 1 1
119 0 0 1 1
119 0 0 1 1
119 0 0 1 1
119 0 0 1 1
119 0 0 1 1
119 0 0 1 1
119 0 0 1 1
119 0 0 1 1
119 0 0 1 1
119 0 0 1 1
119 0 0 1 1
119 0 0 1 1
119 0 0 1 1
119 0 0 1 1
119 0 0 1 1
119 0 0 1 1
119 0 0 1 1
119 0 0 1 1
119 0 0 1 1
119 0 0 1 1
119 0 0 1 1
119 0 0 1 1
119 0 0 1 1
119 0 0 1 1
119 0 0 1 1
119 0 0 1 1
119 0 0 1 1
119 0 0 1 1
119 0 0 1 1
119 0 0 1 1
119 0 0 1 1
119 0 0 1 1
119 0 0 1 1
119 0 0 1 1
120 0 0 1 1
120 0 0 1 1
120 0 0 1 1
120 0 0 1 1
120 0 0 1 1
120 0 0 1 1
120 0 0 1 1
120 0 0 1 1
120 0 0 1 1
120 0 0 1 1
120 0 0 1 1
120 0 0 1 1
120 0 0 1 1
120 0 0 1 1
120 0 0 1 1
120 0 0 1 1
120 0 0 1 1
120 0 0 1 1
120 0 0 1 1
120 0 0 1 1
120 0 0 1 1
120 0 0 1 1
120 0 0 1 1
120 0 0 1 1
120 0 0 1 1
120 0 0 1 1
120 0 0 1 1
120 0 0 1 1
120 0 0 1 1
120 0 0 1 1
120 0 0 1 1
120 0 0 1 1
120 0 0 1 1
120 0 0 1 1
120 0 0 1 1
120 0 0 1 1
120 0 0 1 1
120 0 0 1 1
120 0 0 1 1
120 0 0 1 1
120 0 0 1 1
120 0 0 1 1
121 0 0 1 1
121 0 0 1 1
121 0 0 1 1
121 0 0 1 1
121 0 0 1 1
121 0 0 1 1
121 0 0 1 1
121 0 0 1 1
121 0 0 1 1
121 0 0 1 1
121 0 0 1 1
121 0 0 1 1
121 0 0 1 1
121 0 0 1 1
121 0 0 1 1
121 0 0 1 1
121 0 0 1 1
121 0 0 1 1
121 0 0 1 1
121 0 0 1 1
121 0 0 1 1
121 0 0 1 1
121 0 0 1 1
121 0 0 1 1
121 0 0 1 1
121 0 0 1 1
121 0 0 1 1
121 0 0 1 1
121 0 0 1 1
121 0 0 1 1
121 0 0 1 1
121 0 0 1 1
121 0 0 1 1
121 0 0 1 1
121 0 0 1 1
121 0 0 1 1
121 0 0 1 1
121 0 0 1 1
121 0 0 1 1
121 0 0 1 1
121 0 0 1 1
121 0 0 1 1
121 0 0 1 1
121 0 0 1 1
121 0 0 1 1
121 0 0 1 1
121 0 0 1 1
121 0 0 1 1
122 0 0 1 1
122 0 0 1 1
122 0 0 1 1
122 0 0 1 1
122 0 0 1 1
122 0 0 1 1
122 0 0 1 1
122 0 0 1 1
122 0 0 1 1
122 0 0 1 1
122 0 0 1 1
122 0 0 1 1
122 0 0 1 1
122 0 0 1 1
122 0 0 1 1
122 0 0 1 1
122 0 0 1 1
122 0 0 1 1
122 0 0 1 1
122 0 0 1 1
122 0 0 1 1
122 0 0 1 1
122 0 0 1 1
122 0 0 1 1
122 0 0 1 1
122 0 0 1 1
122 0 0 1 1
122 0 0 1 1
122 0 0 1 1
122 0 0 1 1
122 0 0 1 1
122 0 0 1 1
122 0 0 1 1
122 0 0 1 1
122 0 0 1 1
122 0 0 1 1
122 0 0 1 1
122 0 0 1 1
122 0 0 1 1
122 0 0 1 1
122 0 0 1 1
122 0 0 1 1
123 0 0 1 1
123 0 0 1 1
123 0 0 1 1
123 0 0 1 1
123 0 0 1 1
123 0 0 1 1
123 0 0 1 1
123 0 0 1 1
123 0 0 1 1
123 0 0 1 1
123 0 0 1 1
123 0 0 1 1
123 0 0 1 1
123 0 0 1 1
123 0 0 1 1
123 0 0 1 1
123 0 0 1 1
123 0 0 1 1
123 0 0 1 1
123 0 0 1 1
123 0 0 1 1
123 0 0 1 1
123 0 0 1 1
123 0 0 1 1
123 0 0 1 1
123 0 0 1 1
123 0 0 1 1
123 0 0 1 1
123 0 0 1 1
123 0 0 1 1
123 0 0 1 1
123 0 0 1 1
123 0 0 1 1
123 0 0 1 1
123 0 0 1 1
123 0 0 1 1
123 0 0 1 1
123 0 0 1 1
123 0 0 1 1
123 0 0 1 1
123 0 0 1 1
123 0 0 1 1
123 0 0 1 1
124 0 0 1 1
124 0 0 1 1
124 0 0 1 1
124 0 0 1 1
124 0 0 1 1
124 0 0 1 1
124 0 0 1 1
124 0 0 1 1
124 0 0 1 1
124 0 0 1 1
124 0 0 1 1
124 0 0 1 1
124 0 0 1 1
124 0 0 1 1
124 0 0 1 1
124 0 0 1 1
124 0 0 1 1
124 0 0 1 1
124 0 0 1 1
124 0 0 1 1
124 0 0 1 1
124 0 0 1 1
124 0 0 1 1
124 0 0 1 1
124 0 0 1 1
124 0 0 1 1
124 0 0 1 1
124 0 0 1 1
124 0 0 1 1
124 0 0 1 1
124 0 0 1 1
124 0 0 1 1
124 0 0 1 1
124 0 0 1 1
124 0 0 1 1
124 0 0 1 1
124 0 0 1 1
124 0 0 1 1
124 0 0 1 1
124 0 0 1 1
124 0 0 1 1
124 0 0 1 1
125 0 0 1 1
125 0 0 1 1
125 0 0 1 1
125 0 0 1 1
125 0 0 1 1
125 0 0 1 1
125 0 0 1 1
125 0 0 1 1
125 0 0 1 1
125 0 0 1 1
125 0 0 1 1
125 0 0 1 1
125 0 0 1 1
125 0 0 1 1
125 0 0 1 1
125 0 0 1 1
125 0 0 1 1
125 0 0 1 1
125 0 0 1 1
125 0 0 1 1
125 0 0 1 1
125 0 0 1 1
125 0 0 1 1
125 0 0 1 1
125 0 0 1 1
125 0 0 1 1
125 0 0 1 1
125 0 0 1 1
125 0 0 1 1
125 0 0 1 1
125 0 0 1 1
125 0 0 1 1
125 0 0 1 1
125 0 0 1 1
125 0 0 1 1
125 0 0 1 1
125 0 0 1 1
125 0 0 1 1
125 0 0 1 1
125 0 0 1 1
126 0 0 1 1
126 0 0 1 1
126 0 0 1 1
126 0 0 1 1
126 0 0 1 1
126 0 0 1 1
126 0 0 1 1
126 0 0 1 1
126 0 0 1 1
126 0 0 1 1
126 0 0 1 1
126 0 0 1 1
126 0 0 1 1
126 0 0 1 1
126 0 0 1 1
126 0 0 1 1
126 0 0 1 1
126 0 0 1 1
126 0 0 1 1
126 0 0 1 1
126 0 0 1 1
126 0 0 1 1
126 0 0 1 1
126 0 0 1 1
126 0 0 1 1
126 0 0 1 1
126 0 0 1 1
126 0 0 1 1
126 0 0 1 1
126 0 0 1 1
126 0 0 1 1
126 0 0 1 1
126 0 0 1 1
126 0 0 1 1
126 0 0 1 1
126 0 0 1 1
126 0 0 1 1
126 0 0 1 1
126 0 0 1 1
126 0 0 1 1
126 0 0 1 1
126 0 0 1 1
126 0 0 1 1
126 0 0 1 1
126 0 0 1 1
126 0 0 1 1
126 0 0 1 1
126 0 0 1 1
127 0 0 1 1
127 0 0 1 1
127 0 0 1 1
127 0 0 1 1
127 0 0 1 1
127 0 0 1 1
127 0 0 1 1
127 0 0 1 1
127 0 0 1 1
127 0 0 1 1
127 0 0 1 1
127 0 0 1 1
127 0 0 1 1
127 0 0 1 1
127 0 0 1 1
127 0 0 1 1
127 0 0 1 1
127 0 0 1 1
127 0 0 1 1
127 0 0 1 1
127 0 0 1 1
127 0 0 1 1
127 0 0 1 1
127 0 0 1 1
127 0 0 1 1
127 0 0 1 1
127 0 0 1 1
127 0 0 1 1
127 0 0 1 1
127 0 0 1 1
127 0 0 1 1
127 0 0 1 1
127 0 0 1 1
127 0 0 1 1
127 0 0 1 1
127 0 0 1 1
127 0 0 1 1
127 0 0 1 1
127 0 0 1 1
127 0 0 1 1
127 0 0 1 1
127 0 0 1 1
127 0 0 1 1
127 0 0 1 1
127 0 0 1 1
127 0 0 1 1
127 0 0 1 1
127 0 0 1 1
127 0 0 1 1
127 0 0 1 1
127 0 0 1 1
127 0 0 1 1
127 0 0 1 1
128 0 0 1 1
128 0 0 1 1
128 0 0 1 1
128 0 0 1 1
128 0 0 1 1
128 0 0 1 1
128 0 0 1 1
128 0 0 1 1
128 0 0 1 1
128 0 0 1 1
128 0 0 1 1
128 0 0 1 1
128 0 0 1 1
128 0 0 1 1
128 0 0 1 1
128 0 0 1 1
128 0 0 1 1
128 0 0 1 1
128 0 0 1 1
128 0 0 1 1
128 0 0 1 1
128 0 0 1 1
128 0 0 1 1
128 0 0 1 1
128 0 0 1 1
128 0 0 1 1
128 0 0 1 1
128 0 0 1 1
128 0 0 1 1
128 0 0 1 1
128 0 0 1 1
128 0 0 1 1
128 0 0 1 1
128 0 0 1 1
128 0 0 1 1
128 0 0 1 1
128 0 0 1 1
128 0 0 1 1
129 0 0 1 1
129 0 0 1 1
129 0 0 1 1
129 0 0 1 1
129 0 0 1 1
129 0 0 1 1
129 0 0 1 1
129 0 0 1 1
129 0 0 1 1
129 0 0 1 1
129 0 0 1 1
129 0 0 1 1
129 0 0 1 1
129 0 0 1 1
129 0 0 1 1
129 0 0 1 1
129 0 0 1 1
129 0 0 1 1
129 0 0 1 1
129 0 0 1 1
129 0 0 1 1
129 0 0 1 1
129 0 0 1 1
129 0 0 1 1
129 0 0 1 1
129 0 0 1 1
129 0 0 1 1
129 0 0 1 1
129 0 0 1 1
129 0 0 1 1
129 0 0 1 1
129 0 0 1 1
129 0 0 1 1
129 0 0 1 1
129 0 0 1 1
129 0 0 1 1
130 0 0 1 1
130 0 0 1 1
130 0 0 1 1
130 0 0 1 1
130 0 0 1 1
130 0 0 1 1
130 0 0 1 1
130 0 0 1 1
130 0 0 1 1
130 0 0 1 1
130 0 0 1 1
130 0 0 1 1
130 0 0 1 1
130 0 0 1 1
130 0 0 1 1
130 0 0 1 1
130 0 0 1 1
130 0 0 1 1
130 0 0 1 1
130 0 0 1 1
130 0 0 1 1
130 0 0 1 1
130 0 0 1 1
130 0 0 1 1
130 0 0 1 1
130 0 0 1 1
130 0 0 1 1
130 0 0 1 1
130 0 0 1 1
130 0 0 1 1
130 0 0 1 1
130 0 0 1 1
130 0 0 1 1
130 0 0 1 1
130 0 0 1 1
130 0 0 1 1
130 0 0 1 1
130 0 0 1 1
130 0 0 1 1
130 0 0 1 1
130 0 0 1 1
130 0 0 1 1
130 0 0 1 1
130 0 0 1 1
130 0 0 1 1
130 0 0 1 1
130 0 0 1 1
130 0 0 1 1
131 0 0 1 1
131 0 0 1 1
131 0 0 1 1
131 0 0 1 1
131 0 0 1 1
131 0 0 1 1
131 0 0 1 1
131 0 0 1 1
131 0 0 1 1
131 0 0 1 1
131 0 0 1 1
131 0 0 1 1
131 0 0 1 1
131 0 0 1 1
131 0 0 1 1
131 0 0 1 1
131 0 0 1 1
131 0 0 1 1
131 0 0 1 1
131 0 0 1 1
131 0 0 1 1
131 0 0 1 1
131 0 0 1 1
131 0 0 1 1
131 0 0 1 1
131 0 0 1 1
131 0 0 1 1
131 0 0 1 1
131 0 0 1 1
131 0 0 1 1
131 0 0 1 1
131 0 0 1 1
131 0 0 1 1
131 0 0 1 1
131 0 0 1 1
131 0 0 1 1
131 0 0 1 1
131 0 0 1 1
131 0 0 1 1
131 0 0 1 1
131 0 0 1 1
131 0 0 1 1
131 0 0 1 1
131 0 0 1 1
131 0 0 1 1
131 0 0 1 1
131 0 0 1 1
131 0 0 1 1
131 0 0 1 1
131 0 0 1 1
132 0 0 1 1
132 0 0 1 1
132 0 0 1 1
132 0 0 1 1
132 0 0 1 1
132 0 0 1 1
132 0 0 1 1
132 0 0 1 1
132 0 0 1 1
132 0 0 1 1
132 0 0 1 1
132 0 0 1 1
132 0 0 1 1
132 0 0 1 1
132 0 0 1 1
132 0 0 1 1
132 0 0 1 1
132 0 0 1 1
132 0 0 1 1
132 0 0 1 1
132 0 0 1 1
132 0 0 1 1
132 0 0 1 1
132 0 0 1 1
132 0 0 1 1
132 0 0 1 1
132 0 0 1 1
132 0 0 1 1
132 0 0 1 1
132 0 0 1 1
132 0 0 1 1
132 0 0 1 1
132 0 0 1 1
132 0 0 1 1
132 0 0 1 1
132 0 0 1 1
132 0 0 1 1
132 0 0 1 1
132 0 0 1 1
132 0 0 1 1
133 0 0 1 1
133 0 0 1 1
133 0 0 1 1
133 0 0 1 1
133 0 0 1 1
133 0 0 1 1
133 0 0 1 1
133 0 0 1 1
133 0 0 1 1
133 0 0 0 1
133 0 0 0 1
133 0 0 0 1
133 0 0 0 1
133 0 0 0 1
133 0 0 0 1
133 0 0 0 1
133 0 0 0 1
133 0 0 0 1
133 0 0 0 1
133 0 0 0 1
133 0 0 0 1
133 0 0 0 1
133 0 0 0 1
133 0 0 0 1
133 1 2 0 1
133 0 2 0 1
133 0 2 0 1
133 0 2 0 1
133 0 2 0 1
133 0 2 0 1
133 0 2 0 1
133 0 2 0 1
133 0 2 0 1
133 0 2 0 1
133 0 2 0 1
133 0 2 0 1
133 0 2 0 1
133 0 2 0 1
133 0 2 0 1
133 0 2 0 1
134 0 2 0 1
134 0 2 0 1
134 0 2 0 1
134 0 2 0 1
134 0 2 0 1
134 0 2 0 1
134 0 2 0 1
134 0 2 0 1
134 0 2 0 1
134 0 2 0 1
134 0 2 0 1
134 0 2 0 1
134 0 2 0 1
134 0 2 0 1
134 0 2 0 1
134 0 2 0 1
134 0 2 0 1
134 0 2 0 1
134 0 2 0 1
134 0 2 0 1
134 0 2 0 1
134 0 2 0 1
134 0 2 0 1
134 0 2 0 1
134 0 2 0 1
134 0 2 0 1
134 0 2 0 1
134 0 2 0 1
134 0 2 0 1
134 0 2 0 1
134 0 2 0 1
134 0 2 0 1
134 0 2 0 1
134 0 2 0 1
134 0 2 0 1
134 0 2 0 1
134 0 2 0 1
134 0 2 0 1
134 0 2 0 1
134 0 2 0 1
134 0 2 0 1
134 0 2 0 1
134 0 2 0 1
134 0 2 0 1
134 0 2 0 1
135 0 2 0 1
135 0 2 0 1
135 0 2 0 1
135 0 2 0 1
135 0 2 0 1
135 0 2 0 1
135 0 2 0 1
135 0 2 0 1
135 0 2 0 1
135 0 2 0 1
135 0 2 0 1
135 0 2 0 1
135 0 2 0 1
135 0 2 0 1
135 0 2 0 1
135 0 2 0 1
135 0 2 0 1
135 0 2 0 1
135 0 2 0 1
135 0 2 0 1
135 0 2 1 2
135 0 2 1 2
135 0 2 0 2
135 0 2 0 2
135 0 2 0 2
135 0 2 0 2
135 0 2 0 2
135 0 2 0 2
135 0 2 0 2
135 0 2 0 2
135 0 2 0 2
135 0 2 0 2
135 0 2 0 2
135 0 2 0 2
135 0 2 0 2
135 0 2 0 2
135 0 2 0 2
135 0 2 0 2
135 0 2 0 2
135 0 2 0 2
135 0 2 0 2
136 5 7 0 2
136 5 7 0 2
136 5 7 0 2
136 5 7 0 2
136 5 7 0 2
136 0 7 0 2
136 0 7 0 2
136 0 7 0 2
136 0 7 0 2
136 0 7 0 2
136 0 7 0 2
136 0 7 0 2
136 0 7 0 2
136 0 7 0 2
136 0 7 0 2
136 0 7 0 2
136 0 7 0 2
136 0 7 0 2
136 0 7 0 2
136 0 7 0 2
136 0 7 0 2
136 0 7 0 2
136 0 7 0 2
136 0 7 0 2
136 0 7 0 2
136 0 7 0 2
136 0 7 0 2
136 0 7 0 2
136 0 7 0 2
136 0 7 0 2
136 0 7 0 2
136 0 7 0 2
136 0 7 0 2
136 0 7 0 2
136 0 7 0 2
136 0 7 0 2
136 0 7 0 2
136 0 7 0 2
136 0 7 0 2
136 0 7 0 2
136 0 7 0 2
136 0 7 0 2
136 0 7 0 2
136 0 7 0 2
136 0 7 0 2
136 0 7 0 2
136 0 7 0 2
137 0 7 0 2
137 0 7 0 2
137 0 7 0 2
137 0 7 0 2
137 0 7 0 2
137 0 7 0 2
137 0 7 0 2
137 0 7 0 2
137 0 7 0 2
137 0 7 0 2
137 0 7 0 2
137 0 7 0 2
137 0 7 0 2
137 0 7 0 2
137 0 7 0 2
137 0 7 0 2
137 0 7 0 2
137 0 7 0 2
137 0 7 0 2
137 0 7 0 2
137 0 7 0 2
137 0 7 0 2
137 0 7 0 2
137 0 7 0 2
137 0 7 0 2
137 0 7 0 2
137 0 7 0 2
137 0 7 0 2
137 0 7 0 2
137 0 7 0 2
137 0 7 0 2
137 0 7 0 2
137 0 7 0 2
137 0 7 0 2
137 0 7 0 2
137 0 7 0 2
137 0 7 0 2
137 0 7 0 2
137 0 7 0 2
137 0 7 0 2
137 0 7 0 2
137 0 7 0 2
137 0 7 0 2
137 0 7 0 2
137 0 7 0 2
138 0 7 0 2
138 0 7 0 2
138 0 7 0 2
138 0 7 0 2
138 0 7 0 2
138 0 7 0 2
138 0 7 0 2
138 0 7 0 2
138 0 7 0 2
138 0 7 0 2
138 0 7 0 2
138 0 7 0 2
138 0 7 0 2
138 0 7 0 2
138 0 7 0 2
138 0 7 0 2
138 0 7 0 2
138 0 7 0 2
138 0 7 0 2
138 0 7 0 2
138 0 7 0 2
138 0 7 0 2
138 0 7 0 2
138 0 7 0 2
138 0 7 0 2
138 0 7 0 2
138 0 7 0 2
138 0 7 0 2
138 0 7 0 2
138 0 7 0 2
138 0 7 0 2
138 0 7 0 2
138 0 7 0 2
138 0 7 0 2
138 0 7 0 2
138 0 7 0 2
138 0 7 0 2
138 0 7 0 2
138 0 7 0 2
138 0 7 0 2
138 0 7 0 2
138 0 7 0 2
138 0 7 0 2
138 0 7 0 2
138 0 7 0 2
138 0 7 0 2
138 0 7 0 2
138 0 7 0 2
138 0 7 0 2
138 0 7 0 2
138 0 7 0 2
138 0 7 0 2
138 0 7 0 2
139 0 7 0 2
139 0 7 0 2
139 0 7 0 2
139 0 7 0 2
139 0 7 0 2
139 0 7 0 2
139 0 7 0 2
139 0 7 0 2
139 0 7 0 2
139 0 7 0 2
139 0 7 0 2
139 0 7 0 2
139 0 7 0 2
139 0 7 0 2
139 0 7 0 2
139 0 7 0 2
139 0 7 0 2
139 0 7 0 2
139 0 7 0 2
139 0 7 0 2
139 0 7 0 2
139 0 7 0 2
139 0 7 0 2
139 0 7 0 2
139 0 7 0 2
139 0 7 0 2
139 0 7 0 2
139 0 7 0 2
139 0 7 0 2
139 0 7 0 2
139 0 7 0 2
139 0 7 0 2
139 0 7 0 2
139 0 7 0 2
139 0 7 0 2
139 0 7 0 2
139 0 7 0 2
139 0 7 0 2
139 0 7 0 2
139 0 7 0 2
139 0 7 0 2
139 0 7 0 2
139 0 7 0 2
139 0 7 0 2
139 0 7 0 2
139 0 7 0 2
139 0 7 0 2
139 0 7 0 2
139 0 7 0 2
139 0 7 0 2
139 0 7 0 2
139 0 7 0 2
139 0 7 0 2
139 0 7 0 2
139 0 7 0 2
139 0 7 0 2
139 0 7 0 2
140 0 7 0 2
140 0 7 0 2
140 0 7 0 2
140 0 7 0 2
140 0 7 0 2
140 0 7 0 2
140 0 7 0 2
140 0 7 0 2
140 0 7 0 2
140 0 7 0 2
140 0 7 0 2
140 0 7 0 2
140 0 7 0 2
140 0 7 0 2
140 0 7 0 2
140 0 7 0 2
140 0 7 0 2
140 0 7 0 2
140 0 7 0 2
140 0 7 0 2
140 0 7 0 2
140 0 7 0 2
140 0 7 0 2
140 0 7 0 2
140 0 7 0 2
140 0 7 0 2
140 0 7 0 2
140 0 7 0 2
140 0 7 0 2
140 0 7 0 2
140 0 7 0 2
140 0 7 0 2
140 0 7 0 2
140 0 7 0 2
140 0 7 0 2
140 0 7 0 2
140 0 7 0 2
140 0 7 0 2
140 0 7 0 2
140 0 7 0 2
140 0 7 0 2
140 0 7 0 2
140 0 7 0 2
140 0 7 0 2
140 0 7 0 2
140 0 7 0 2
140 0 7 0 2
140 0 7 0 2
140 0 7 0 2
140 0 7 0 2
140 0 7 0 2
140 0 7 0 2
140 0 7 0 2
141 0 7 0 2
141 0 7 0 2
141 0 7 0 2
141 0 7 0 2
141 0 7 0 2
141 0 7 0 2
141 0 7 0 2
141 0 7 0 2
141 0 7 0 2
141 0 7 0 2
141 0 7 0 2
141 0 7 0 2
141 0 7 0 2
141 0 7 0 2
141 0 7 0 2
141 0 7 0 2
141 0 7 0 2
141 0 7 0 2
141 0 7 0 2
141 0 7 0 2
141 0 7 0 2
141 0 7 0 2
141 0 7 0 2
141 0 7 0 2
141 0 7 0 2
141 0 7 0 2
141 0 7 0 2
141 0 7 0 2
141 0 7 0 2
141 0 7 0 2
141 0 7 0 2
141 0 7 0 2
141 0 7 0 2
141 0 7 0 2
141 0 7 0 2
141 0 7 0 2
141 0 7 0 2
141 0 7 0 2
141 0 7 0 2
141 0 7 0 2
141 0 7 0 2
141 0 7 0 2
141 0 7 0 2
141 0 7 0 2
141 0 7 0 2
141 0 7 0 2
141 0 7 0 2
141 0 7 0 2
141 0 7 0 2
141 0 7 0 2
141 0 7 0 2
141 0 7 0 2
141 0 7 0 2
141 0 7 0 2
141 0 7 0 2
142 0 7 0 2
142 0 7 0 2
142 0 7 0 2
142 0 7 0 2
142 0 7 0 2
142 0 7 0 2
142 0 7 0 2
142 0 7 0 2
142 0 7 0 2
142 0 7 0 2
142 0 7 0 2
142 0 7 0 2
142 0 7 0 2
142 0 7 0 2
142 0 7 0 2
142 0 7 0 2
142 0 7 0 2
142 0 7 0 2
142 0 7 0 2
142 0 7 0 2
142 0 7 0 2
142 0 7 0 2
142 0 7 0 2
142 0 7 0 2
142 0 7 0 2
142 0 7 0 2
142 0 7 0 2
142 0 7 0 2
142 0 7 0 2
142 0 7 0 2
142 0 7 0 2
142 0 7 0 2
142 0 7 0 2
142 0 7 0 2
142 0 7 0 2
142 0 7 0 2
142 0 7 0 2
142 0 7 0 2
142 0 7 0 2
142 0 7 0 2
142 0 7 0 2
142 0 7 0 2
142 0 7 0 2
142 0 7 0 2
142 0 7 0 2
142 0 7 0 2
142 0 7 0 2
142 0 7 0 2
142 0 7 0 2
142 0 7 0 2
142 0 7 0 2
142 0 7 0 2
143 0 7 0 2
143 0 7 0 2
143 0 7 0 2
143 0 7 0 2
143 0 7 0 2
143 0 7 0 2
143 0 7 0 2
143 0 7 0 2
143 0 7 0 2
143 0 7 0 2
143 0 7 0 2
143 0 7 0 2
143 0 7 0 2
143 0 7 0 2
143 0 7 0 2
143 0 7 0 2
143 0 7 0 2
143 0 7 0 2
143 0 7 0 2
143 0 7 0 2
143 0 7 0 2
143 0 7 0 2
143 0 7 0 2
143 0 7 0 2
143 0 7 0 2
143 0 7 0 2
143 0 7 0 2
143 0 7 0 2
143 0 7 0 2
143 0 7 0 2
143 0 7 0 2
143 0 7 0 2
143 0 7 0 2
143 0 7 0 2
143 0 7 0 2
143 0 7 0 2
143 0 7 0 2
143 0 7 0 2
143 0 7 0 2
143 0 7 0 2
143 0 7 0 2
143 0 7 0 2
143 0 7 0 2
143 0 7 0 2
143 0 7 0 2
143 0 7 0 2
143 0 7 0 2
143 0 7 0 2
143 0 7 0 2
143 0 7 0 2
143 0 7 0 2
143 0 7 0 2
143 0 7 0 2
143 0 7 0 2
143 0 7 0 2
144 0 7 0 2
144 0 7 0 2
144 0 7 0 2
144 0 7 0 2
144 0 7 0 2
144 0 7 0 2
144 0 7 0 2
144 0 7 0 2
144 0 7 0 2
144 0 7 0 2
144 0 7 0 2
144 0 7 0 2
144 0 7 0 2
144 0 7 0 2
144 0 7 0 2
144 0 7 0 2
144 0 7 0 2
144 0 7 0 2
144 0 7 0 2
144 0 7 0 2
144 0 7 0 2
144 0 7 0 2
144 0 7 0 2
144 0 7 0 2
144 0 7 0 2
144 0 7 0 2
144 0 7 0 2
144 0 7 0 2
144 0 7 0 2
144 0 7 0 2
144 0 7 0 2
144 0 7 0 2
144 0 7 0 2
144 0 7 0 2
144 0 7 0 2
144 0 7 0 2
144 0 7 0 2
144 0 7 0 2
144 0 7 0 2
144 0 7 0 2
144 0 7 0 2
144 0 7 0 2
144 0 7 0 2
144 0 7 0 2
144 0 7 0 2
144 0 7 0 2
144 0 7 0 2
144 0 7 0 2
144 0 7 0 2
144 0 7 0 2
145 0 7 0 2
145 0 7 0 2
145 0 7 0 2
145 0 7 0 2
145 0 7 0 2
145 0 7 0 2
145 0 7 0 2
145 0 7 0 2
145 0 7 0 2
145 0 7 0 2
145 0 7 0 2
145 0 7 0 2
145 0 7 0 2
145 0 7 0 2
145 0 7 0 2
145 0 7 0 2
145 0 7 0 2
145 0 7 0 2
145 0 7 0 2
145 0 7 0 2
145 0 7 0 2
145 0 7 0 2
145 0 7 0 2
145 0 7 0 2
145 0 7 0 2
145 0 7 0 2
145 0 7 0 2
145 0 7 0 2
145 0 7 0 2
145 0 7 0 2
145 0 7 0 2
145 0 7 0 2
145 0 7 0 2
145 0 7 0 2
145 0 7 0 2
145 0 7 0 2
145 0 7 0 2
145 0 7 0 2
145 0 7 0 2
145 0 7 0 2
145 0 7 0 2
145 0 7 0 2
145 0 7 0 2
145 0 7 0 2
145 0 7 0 2
145 0 7 0 2
145 0 7 0 2
145 0 7 0 2
145 0 7 0 2
145 0 7 0 2
146 0 7 0 2
146 0 7 0 2
146 0 7 0 2
146 0 7 0 2
146 0 7 0 2
146 0 7 0 2
146 0 7 0 2
146 0 7 0 2
146 0 7 0 2
146 0 7 0 2
146 0 7 0 2
146 0 7 0 2
146 0 7 0 2
146 0 7 0 2
146 0 7 0 2
146 0 7 0 2
146 0 7 0 2
146 0 7 0 2
146 0 7 0 2
146 0 7 0 2
146 0 7 0 2
146 0 7 0 2
146 0 7 0 2
146 0 7 0 2
146 0 7 0 2
146 0 7 0 2
146 0 7 0 2
146 0 7 0 2
146 0 7 0 2
146 0 7 0 2
146 0 7 0 2
146 0 7 0 2
146 0 7 0 2
146 0 7 0 2
146 0 7 0 2
146 0 7 0 2
146 0 7 0 2
146 0 7 0 2
146 0 7 0 2
146 0 7 0 2
146 0 7 0 2
146 0 7 0 2
146 0 7 0 2
146 0 7 0 2
146 0 7 0 2
146 0 7 0 2
146 0 7 0 2
146 0 7 0 2
147 0 7 0 2
147 0 7 0 2
147 0 7 0 2
147 0 7 0 2
147 0 7 0 2
147 0 7 0 2
147 0 7 0 2
147 0 7 0 2
147 0 7 0 2
147 0 7 0 2
147 0 7 0 2
147 0 7 0 2
147 0 7 0 2
147 0 7 0 2
147 0 7 0 2
147 0 7 0 2
147 0 7 0 2
147 0 7 0 2
147 0 7 0 2
147 0 7 0 2
147 0 7 0 2
147 0 7 0 2
147 0 7 0 2
147 0 7 0 2
147 0 7 0 2
147 0 7 0 2
147 0 7 0 2
147 0 7 0 2
147 0 7 0 2
147 0 7 0 2
147 0 7 0 2
147 0 7 0 2
147 0 7 0 2
147 0 7 0 2
147 0 7 0 2
147 0 7 0 2
147 0 7 0 2
147 0 7 0 2
147 0 7 0 2
147 0 7 0 2
147 0 7 0 2
147 0 7 0 2
147 0 7 0 2
147 0 7 0 2
147 0 7 0 2
147 0 7 0 2
147 0 7 0 2
147 0 7 0 2
147 0 7 0 2
147 0 7 0 2
147 0 7 0 2
147 0 7 0 2
147 0 7 0 2
147 0 7 0 2
147 0 7 0 2
148 0 7 0 2
148 0 7 0 2
148 0 7 0 2
148 0 7 0 2
148 0 7 0 2
148 0 7 0 2
148 0 7 0 2
148 0 7 0 2
148 0 7 0 2
148 0 7 0 2
148 0 7 0 2
148 0 7 0 2
148 0 7 0 2
148 0 7 0 2
148 0 7 0 2
148 0 7 0 2
148 0 7 0 2
148 0 7 0 2
148 0 7 0 2
148 0 7 0 2
148 0 7 0 2
148 0 7 0 2
148 0 7 0 2
148 0 7 0 2
148 0 7 0 2
148 0 7 0 2
148 0 7 0 2
148 0 7 0 2
148 0 7 0 2
148 0 7 0 2
148 0 7 0 2
148 0 7 0 2
148 0 7 0 2
148 0 7 0 2
148 0 7 0 2
148 0 7 0 2
148 0 7 0 2
148 0 7 0 2
148 0 7 0 2
148 0 7 0 2
148 0 7 0 2
148 0 7 0 2
148 0 7 0 2
148 0 7 0 2
148 0 7 0 2
148 0 7 0 2
148 0 7 0 2
149 0 7 0 2
149 0 7 0 2
149 0 7 0 2
149 0 7 0 2
149 0 7 0 2
149 0 7 0 2
149 0 7 0 2
149 0 7 0 2
149 0 7 0 2
149 0 7 0 2
149 0 7 0 2
149 0 7 0 2
149 0 7 0 2
149 0 7 0 2
149 0 7 0 2
149 0 7 0 2
149 0 7 0 2
149 0 7 0 2
149 0 7 0 2
149 0 7 0 2
149 0 7 0 2
149 0 7 0 2
149 0 7 0 2
149 0 7 0 2
149 0 7 0 2
149 0 7 0 2
149 0 7 0 2
149 0 7 0 2
149 0 7 0 2
149 0 7 0 2
149 0 7 0 2
149 0 7 0 2
149 0 7 0 2
149 0 7 0 2
149 0 7 0 2
149 0 7 0 2
149 0 7 0 2
149 0 7 0 2
149 0 7 0 2
149 0 7 0 2
149 0 7 0 2
149 0 7 0 2
149 0 7 0 2
149 0 7 0 2
149 0 7 0 2
149 0 7 0 2
149 0 7 0 2
149 0 7 0 2
149 0 7 0 2
149 0 7 0 2
149 0 7 0 2
149 0 7 0 2
149 0 7 0 2
150 0 7 0 2
150 0 7 0 2
150 0 7 0 2
150 0 7 0 2
150 0 7 0 2
150 0 7 0 2
150 0 7 0 2
150 0 7 0 2
150 0 7 0 2
150 0 7 0 2
150 0 7 0 2
150 0 7 0 2
150 0 7 0 2
150 0 7 0 2
150 0 7 0 2
150 0 7 0 2
150 0 7 0 2
150 0 7 0 2
150 0 7 0 2
150 0 7 0 2
150 0 7 0 2
150 0 7 0 2
150 0 7 0 2
150 0 7 0 2
150 0 7 0 2
150 0 7 0 2
150 0 7 0 2
150 0 7 0 2
150 0 7 0 2
150 0 7 0 2
150 0 7 0 2
150 0 7 0 2
150 0 7 0 2
150 0 7 0 2
150 0 7 0 2
150 0 7 0 2
150 0 7 0 2
150 0 7 0 2
150 0 7 0 2
150 0 7 0 2
150 0 7 0 2
150 0 7 0 2
150 0 7 0 2
150 0 7 0 2
150 0 7 0 2
150 0 7 0 2
150 0 7 0 2
151 0 7 0 2
151 0 7 0 2
151 0 7 0 2
151 0 7 0 2
151 0 7 0 2
151 0 7 0 2
151 0 7 0 2
151 0 7 0 2
151 0 7 0 2
151 0 7 0 2
151 0 7 0 2
151 0 7 0 2
151 0 7 0 2
151 0 7 0 2
151 0 7 0 2
151 0 7 0 2
151 0 7 0 2
151 0 7 0 2
151 0 7 0 2
151 0 7 0 2
151 0 7 0 2
151 0 7 0 2
151 0 7 0 2
151 0 7 0 2
151 0 7 0 2
151 0 7 0 2
151 0 7 0 2
151 0 7 0 2
151 0 7 0 2
151 0 7 0 2
151 0 7 0 2
151 0 7 0 2
151 0 7 0 2
151 0 7 0 2
151 0 7 0 2
151 0 7 0 2
151 0 7 0 2
151 0 7 0 2
151 0 7 0 2
151 0 7 0 2
151 0 7 0 2
151 0 7 0 2
151 0 7 0 2
151 0 7 0 2
151 0 7 0 2
151 0 7 0 2
151 0 7 0 2
151 0 7 0 2
151 0 7 0 2
151 0 7 0 2
151 0 7 0 2
151 0 7 0 2
151 0 7 0 2
152 0 7 0 2
152 0 7 0 2
152 0 7 0 2
152 0 7 0 2
152 0 7 0 2
152 0 7 0 2
152 0 7 0 2
152 0 7 0 2
152 0 7 0 2
152 0 7 0 2
152 0 7 0 2
152 0 7 0 2
152 0 7 0 2
152 0 7 0 2
152 0 7 0 2
152 0 7 0 2
152 0 7 0 2
152 0 7 0 2
152 0 7 0 2
152 0 7 0 2
152 0 7 0 2
152 0 7 0 2
152 0 7 0 2
152 0 7 0 2
152 0 7 0 2
152 0 7 0 2
152 0 7 0 2
152 0 7 0 2
152 0 7 0 2
152 0 7 0 2
152 0 7 0 2
152 0 7 0 2
152 0 7 0 2
152 0 7 0 2
152 0 7 0 2
152 0 7 0 2
152 0 7 0 2
152 0 7 0 2
152 0 7 0 2
152 0 7 0 2
152 0 7 0 2
152 0 7 0 2
152 0 7 0 2
152 0 7 0 2
152 0 7 0 2
152 0 7 0 2
152 0 7 0 2
152 0 7 0 2
152 0 7 0 2
152 0 7 0 2
152 0 7 0 2
152 0 7 0 2
152 0 7 0 2
152 0 7 0 2
152 0 7 0 2
153 0 7 0 2
153 0 7 0 2
153 0 7 0 2
153 0 7 0 2
153 0 7 0 2
153 0 7 0 2
153 0 7 0 2
153 0 7 0 2
153 0 7 0 2
153 0 7 0 2
153 0 7 0 2
153 0 7 0 2
153 0 7 0 2
153 0 7 0 2
153 0 7 0 2
153 0 7 0 2
153 0 7 0 2
153 0 7 0 2
153 0 7 0 2
153 0 7 0 2
153 0 7 0 2
153 0 7 0 2
153 0 7 0 2
153 0 7 0 2
153 0 7 0 2
153 0 7 0 2
153 0 7 0 2
153 0 7 0 2
153 0 7 0 2
153 0 7 0 2
153 0 7 0 2
153 0 7 0 2
153 0 7 0 2
153 0 7 0 2
153 0 7 0 2
153 0 7 0 2
153 0 7 0 2
153 0 7 0 2
153 0 7 0 2
153 0 7 0 2
153 0 7 0 2
153 0 7 0 2
153 0 7 0 2
153 0 7 0 2
153 0 7 0 2
153 0 7 0 2
153 0 7 0 2
153 0 7 0 2
153 0 7 0 2
153 0 7 0 2
154 0 7 0 2
154 0 7 0 2
154 0 7 0 2
154 0 7 0 2
154 0 7 0 2
154 0 7 0 2
154 0 7 0 2
154 0 7 0 2
154 0 7 0 2
154 0 7 0 2
154 0 7 0 2
154 0 7 0 2
154 0 7 0 2
154 0 7 0 2
154 0 7 0 2
154 0 7 0 2
154 0 7 0 2
154 0 7 0 2
154 0 7 0 2
154 0 7 0 2
154 0 7 0 2
154 0 7 0 2
154 0 7 0 2
154 0 7 0 2
154 0 7 0 2
154 0 7 0 2
154 0 7 0 2
154 0 7 0 2
154 0 7 0 2
154 0 7 0 2
154 0 7 0 2
154 0 7 0 2
154 0 7 0 2
154 0 7 0 2
154 0 7 0 2
154 0 7 0 2
154 0 7 0 2
154 0 7 0 2
154 0 7 0 2
154 0 7 0 2
154 0 7 0 2
154 0 7 0 2
154 0 7 0 2
154 0 7 0 2
154 0 7 0 2
154 0 7 0 2
154 0 7 0 2
154 0 7 0 2
154 0 7 0 2
154 0 7 0 2
154 0 7 0 2
154 0 7 0 2
155 0 7 0 2
155 0 7 0 2
155 0 7 0 2
155 0 7 0 2
155 0 7 0 2
155 0 7 0 2
155 0 7 0 2
155 0 7 0 2
155 0 7 0 2
155 0 7 0 2
155 0 7 0 2
155 0 7 0 2
155 0 7 0 2
155 0 7 0 2
155 0 7 0 2
155 0 7 0 2
155 0 7 0 2
155 0 7 0 2
155 0 7 0 2
155 0 7 0 2
155 0 7 0 2
155 0 7 0 2
155 0 7 0 2
155 0 7 0 2
155 0 7 0 2
155 0 7 0 2
155 0 7 0 2
155 0 7 0 2
155 0 7 0 2
155 0 7 0 2
155 0 7 0 2
155 0 7 0 2
155 0 7 0 2
155 0 7 0 2
155 0 7 0 2
155 0 7 0 2
155 0 7 0 2
155 0 7 0 2
155 0 7 0 2
155 0 7 0 2
155 0 7 0 2
155 0 7 0 2
155 0 7 0 2
155 0 7 0 2
155 0 7 0 2
155 0 7 0 2
155 0 7 0 2
155 0 7 0 2
155 0 7 0 2
155 0 7 0 2
156 0 7 0 2
156 0 7 0 2
156 0 7 0 2
156 0 7 0 2
156 0 7 0 2
156 0 7 0 2
156 0 7 0 2
156 0 7 0 2
156 0 7 0 2
156 0 7 0 2
156 0 7 0 2
156 0 7 0 2
156 0 7 0 2
156 0 7 0 2
156 0 7 0 2
156 0 7 0 2
156 0 7 0 2
156 0 7 0 2
156 0 7 0 2
156 0 7 0 2
156 0 7 0 2
156 0 7 0 2
156 0 7 0 2
156 0 7 0 2
156 0 7 0 2
156 0 7 0 2
156 0 7 0 2
156 0 7 0 2
156 0 7 0 2
156 0 7 0 2
156 0 7 0 2
156 0 7 0 2
156 0 7 0 2
156 0 7 0 2
156 0 7 0 2
156 0 7 0 2
156 0 7 0 2
156 0 7 0 2
156 0 7 0 2
156 0 7 0 2
156 0 7 0 2
156 0 7 0 2
156 0 7 0 2
156 0 7 0 2
156 0 7 0 2
156 0 7 0 2
156 0 7 0 2
156 0 7 0 2
156 0 7 0 2
156 0 7 0 2
157 0 7 0 2
157 0 7 0 2
157 0 7 0 2
157 0 7 0 2
157 0 7 0 2
157 0 7 0 2
157 0 7 0 2
157 0 7 0 2
157 0 7 0 2
157 0 7 0 2
157 0 7 0 2
157 0 7 0 2
157 0 7 0 2
157 0 7 0 2
157 0 7 0 2
157 0 7 0 2
157 0 7 0 2
157 0 7 0 2
157 0 7 0 2
157 0 7 0 2
157 0 7 0 2
157 0 7 0 2
157 0 7 0 2
157 0 7 0 2
157 0 7 0 2
157 0 7 0 2
157 0 7 0 2
157 0 7 0 2
157 0 7 0 2
157 0 7 0 2
157 0 7 0 2
157 0 7 0 2
157 0 7 0 2
157 0 7 0 2
157 0 7 0 2
157 0 7 0 2
157 0 7 0 2
157 0 7 0 2
157 0 7 0 2
157 0 7 0 2
157 0 7 0 2
157 0 7 0 2
157 0 7 0 2
157 0 7 0 2
157 0 7 0 2
157 0 7 0 2
157 0 7 0 2
157 0 7 0 2
157 0 7 0 2
157 0 7 0 2
157 0 7 0 2
157 0 7 0 2
157 0 7 0 2
158 0 7 0 2
158 0 7 0 2
158 0 7 0 2
158 0 7 0 2
158 0 7 0 2
158 0 7 0 2
158 0 7 0 2
158 0 7 0 2
158 0 7 0 2
158 0 7 0 2
158 0 7 0 2
158 0 7 0 2
158 0 7 0 2
158 0 7 0 2
158 0 7 0 2
158 0 7 0 2
158 0 7 0 2
158 0 7 0 2
158 0 7 0 2
158 0 7 0 2
158 0 7 0 2
158 0 7 0 2
158 0 7 0 2
158 0 7 0 2
158 0 7 0 2
158 0 7 0 2
158 0 7 0 2
158 0 7 0 2
158 0 7 0 2
158 0 7 0 2
158 0 7 0 2
158 0 7 0 2
158 0 7 0 2
158 0 7 0 2
158 0 7 0 2
158 0 7 0 2
158 0 7 0 2
159 0 7 0 2
159 0 7 0 2
159 0 7 0 2
159 0 7 0 2
159 0 7 0 2
159 0 7 0 2
159 0 7 0 2
159 0 7 0 2
159 0 7 0 2
159 0 7 0 2
159 0 7 0 2
159 0 7 0 2
159 0 7 0 2
159 0 7 0 2
159 0 7 0 2
159 0 7 0 2
159 0 7 0 2
159 0 7 0 2
159 0 7 0 2
159 0 7 0 2
159 0 7 0 2
159 0 7 0 2
159 0 7 0 2
159 0 7 0 2
159 0 7 0 2
159 0 7 0 2
159 0 7 0 2
159 0 7 0 2
159 0 7 0 2
159 0 7 0 2
159 0 7 0 2
159 0 7 0 2
159 0 7 0 2
159 0 7 0 2
159 0 7 0 2
159 0 7 0 2
159 0 7 0 2
159 0 7 0 2
159 0 7 0 2
159 0 7 0 2
159 0 7 0 2
159 0 7 0 2
159 0 7 0 2
159 0 7 0 2
159 0 7 0 2
159 0 7 0 2
159 0 7 0 2
159 0 7 0 2
159 0 7 0 2
159 0 7 0 2
159 0 7 0 2
159 0 7 0 2
159 0 7 0 2
159 0 7 0 2
159 0 7 0 2
160 0 7 0 2
160 0 7 0 2
160 0 7 0 2
160 0 7 0 2
160 0 7 0 2
160 0 7 0 2
160 0 7 0 2
160 0 7 0 2
160 0 7 0 2
160 0 7 0 2
160 0 7 0 2
160 0 7 0 2
160 0 7 0 2
160 0 7 0 2
160 0 7 0 2
160 0 7 0 2
160 0 7 0 2
160 0 7 0 2
160 0 7 0 2
160 0 7 0 2
160 0 7 0 2
160 0 7 0 2
160 0 7 0 2
160 0 7 0 2
160 0 7 0 2
160 0 7 0 2
160 0 7 0 2
160 0 7 0 2
160 0 7 0 2
160 0 7 0 2
160 0 7 0 2
160 0 7 0 2
160 0 7 0 2
160 0 7 0 2
160 0 7 0 2
160 0 7 0 2
160 0 7 0 2
160 0 7 0 2
160 0 7 0 2
160 0 7 0 2
160 0 7 0 2
160 0 7 0 2
160 0 7 0 2
160 0 7 0 2
160 0 7 0 2
160 0 7 0 2
160 0 7 0 2
160 0 7 0 2
160 0 7 0 2
161 0 7 0 2
161 0 7 0 2
161 0 7 0 2
161 0 7 0 2
161 0 7 0 2
161 0 7 0 2
161 0 7 0 2
161 0 7 0 2
161 0 7 0 2
161 0 7 0 2
161 0 7 0 2
161 0 7 0 2
161 0 7 0 2
161 0 7 0 2
161 0 7 0 2
161 0 7 0 2
161 0 7 0 2
161 0 7 0 2
161 0 7 0 2
161 0 7 0 2
161 0 7 0 2
161 0 7 0 2
161 0 7 0 2
161 0 7 0 2
161 0 7 0 2
161 0 7 0 2
161 0 7 0 2
161 0 7 0 2
161 0 7 0 2
161 0 7 0 2
161 0 7 0 2
162 0 7 0 2
162 0 7 0 2
162 0 7 0 2
162 0 7 0 2
162 0 7 0 2
162 0 7 0 2
162 0 7 0 2
162 0 7 0 2
162 0 7 0 2
162 0 7 0 2
162 0 7 0 2
162 0 7 0 2
162 0 7 0 2
162 0 7 0 2
162 0 7 0 2
162 0 7 0 2
162 0 7 0 2
162 0 7 0 2
162 0 7 0 2
162 0 7 0 2
162 0 7 0 2
162 0 7 0 2
162 0 7 0 2
162 0 7 0 2
162 0 7 0 2
