39 0 0 0 0
39 0 0 0 0
39 0 0 0 0
39 1 0 0 0
39 1 0 0 0
39 1 0 0 0
39 1 0 0 0
39 0 0 0 0
39 0 0 0 0
39 0 0 0 0
39 0 0 0 0
39 0 0 0 0
40 0 0 0 0
40 0 0 0 0
40 0 0 0 0
40 0 0 0 0
40 0 0 0 0
40 0 0 0 0
40 0 0 0 0
40 0 0 0 0
40 0 0 0 0
40 0 0 0 0
40 0 0 0 0
40 0 0 0 0
40 0 0 0 0
40 0 0 0 0
40 0 0 0 0
40 0 0 0 0
40 0 0 0 0
40 0 0 0 0
40 0 0 0 0
40 0 0 0 0
40 0 0 0 0
40 0 0 0 0
40 0 0 0 0
40 0 0 0 0
40 0 0 0 0
40 0 0 0 0
40 0 0 0 0
40 0 0 0 0
40 0 0 0 0
40 0 0 0 0
40 0 0 0 0
40 0 0 0 0
40 0 0 0 0
40 0 0 0 0
40 0 0 0 0
40 0 0 0 0
40 0 0 0 0
40 0 0 0 0
40 0 0 0 0
40 0 0 0 0
40 0 0 0 0
40 0 0 0 0
40 0 0 0 0
40 0 0 0 0
40 0 0 0 0
40 0 0 0 0
40 0 0 0 0
40 0 0 0 0
40 0 0 0 0
40 0 0 0 0
41 0 0 0 0
41 0 0 0 0
41 0 0 0 0
41 0 0 0 0
41 0 0 0 0
41 0 0 0 0
41 0 0 0 0
41 0 0 0 0
41 0 0 0 0
41 0 0 0 0
41 0 0 0 0
41 0 0 0 0
41 0 0 0 0
41 0 0 0 0
41 0 0 0 0
41 0 0 0 0
41 0 0 0 0
41 0 0 0 0
41 0 0 0 0
41 0 0 0 0
41 0 0 0 0
41 0 0 0 0
41 0 0 0 0
41 0 0 0 0
41 0 0 0 0
41 0 0 0 0
41 0 0 0 0
41 0 0 0 0
41 0 0 0 0
41 0 0 0 0
41 0 0 0 0
41 0 0 0 0
41 0 0 0 0
41 0 0 0 0
41 0 0 0 0
41 0 0 0 0
41 0 0 0 0
41 0 0 0 0
41 0 0 0 0
41 0 0 0 0
41 0 0 1 1
41 0 0 1 1
41 0 0 1 1
42 0 0 1 1
42 0 0 1 1
42 0 0 1 1
42 0 0 1 1
42 0 0 1 1
42 0 0 1 1
42 0 0 1 1
42 0 0 0 1
42 0 0 0 1
42 0 0 0 1
42 0 0 0 1
42 0 0 0 1
42 0 0 0 1
42 0 0 0 1
42 0 0 0 1
42 0 0 0 1
42 0 0 0 1
42 0 0 0 1
42 0 0 0 1
42 0 0 0 1
42 0 0 0 1
42 0 0 0 1
42 0 0 0 1
42 0 0 0 1
42 0 0 0 1
42 0 0 0 1
42 0 0 0 1
42 0 0 0 1
42 0 0 0 1
42 0 0 0 1
42 0 0 0 1
42 0 0 0 1
42 0 0 0 1
42 0 0 0 1
42 0 0 0 1
42 0 0 0 1
42 0 0 0 1
42 0 0 0 1
42 0 0 0 1
42 0 0 0 1
43 0 0 0 1
43 0 0 0 1
43 1 2 0 1
43 0 2 0 1
43 0 2 0 1
43 0 2 0 1
43 0 2 0 1
43 0 2 0 1
43 0 2 0 1
43 0 2 0 1
43 0 2 0 1
43 0 2 0 1
43 0 2 0 1
43 0 2 0 1
43 0 2 0 1
43 0 2 0 1
43 0 2 0 1
43 0 2 0 1
43 0 2 0 1
43 0 2 0 1
43 0 2 0 1
43 0 2 0 1
43 0 2 0 1
43 0 2 0 1
43 0 2 0 1
43 0 2 0 1
43 0 2 0 1
43 0 2 0 1
43 0 2 0 1
43 0 2 0 1
43 0 2 0 1
43 0 2 0 1
43 0 2 0 1
43 0 2 0 1
43 0 2 0 1
43 0 2 0 1
43 0 2 0 1
43 0 2 0 1
43 0 2 0 1
43 0 2 0 1
44 0 2 0 1
44 0 2 0 1
44 0 2 0 1
44 0 2 0 1
44 0 2 0 1
44 0 2 0 1
44 0 2 0 1
44 0 2 0 1
44 0 2 0 1
44 0 2 0 1
44 0 2 0 1
44 0 2 0 1
44 0 2 0 1
44 0 2 0 1
44 0 2 0 1
44 0 2 0 1
44 0 2 0 1
44 0 2 0 1
44 0 2 0 1
44 0 2 0 1
44 0 2 0 1
44 0 2 0 1
44 0 2 0 1
44 0 2 0 1
44 0 2 0 1
44 0 2 0 1
44 0 2 0 1
44 0 2 0 1
44 0 2 0 1
44 0 2 0 1
44 0 2 0 1
44 0 2 0 1
44 0 2 0 1
44 0 2 0 1
44 0 2 0 1
44 0 2 0 1
44 0 2 0 1
44 0 2 0 1
44 0 2 1 2
44 0 2 1 2
44 0 2 1 2
45 0 2 0 2
45 0 2 0 2
45 0 2 0 2
45 0 2 0 2
45 0 2 0 2
45 0 2 0 2
45 0 2 0 2
45 0 2 0 2
45 0 2 0 2
45 0 2 0 2
45 0 2 0 2
45 0 2 0 2
45 0 2 0 2
45 0 2 0 2
45 0 2 0 2
45 0 2 0 2
45 0 2 0 2
45 0 2 0 2
45 0 2 0 2
45 6 8 0 2
45 6 8 0 2
45 6 8 0 2
45 6 8 0 2
45 1 8 0 2
45 1 8 0 2
45 1 8 0 2
45 1 8 0 2
45 1 8 0 2
46 0 8 0 2
46 0 8 0 2
46 0 8 0 2
46 0 8 0 2
46 0 8 0 2
46 0 8 0 2
46 0 8 0 2
46 0 8 0 2
46 0 8 0 2
46 0 8 0 2
46 0 8 0 2
46 0 8 0 2
46 0 8 0 2
46 0 8 0 2
46 0 8 0 2
46 0 8 0 2
46 0 8 0 2
46 0 8 0 2
46 0 8 0 2
46 0 8 0 2
46 0 8 0 2
46 0 8 0 2
46 0 8 0 2
46 0 8 0 2
46 0 8 0 2
46 0 8 0 2
46 0 8 0 2
46 0 8 0 2
46 0 8 0 2
46 0 8 0 2
46 0 8 0 2
46 0 8 0 2
46 0 8 0 2
46 0 8 0 2
46 0 8 0 2
46 0 8 0 2
46 0 8 0 2
47 0 8 0 2
47 0 8 0 2
47 0 8 0 2
47 0 8 0 2
47 0 8 0 2
47 0 8 0 2
47 0 8 0 2
47 0 8 0 2
47 0 8 1 3
47 0 8 0 3
47 0 8 0 3
47 0 8 0 3
47 0 8 0 3
47 0 8 0 3
47 0 8 0 3
47 0 8 0 3
47 0 8 0 3
47 0 8 0 3
47 0 8 0 3
47 0 8 0 3
47 0 8 0 3
47 0 8 0 3
47 0 8 0 3
47 0 8 0 3
47 6 14 0 3
47 6 14 0 3
47 6 14 0 3
47 6 14 0 3
47 6 14 0 3
48 5 14 0 3
48 5 14 0 3
48 5 14 0 3
48 5 14 0 3
48 5 14 0 3
48 5 14 0 3
48 5 14 0 3
48 5 14 0 3
48 5 14 0 3
48 5 14 0 3
48 5 14 0 3
48 5 14 0 3
48 5 14 0 3
48 5 14 0 3
48 5 14 0 3
48 5 14 0 3
48 5 14 0 3
48 5 14 0 3
48 5 14 0 3
48 5 14 0 3
48 5 14 0 3
48 5 14 0 3
48 5 14 0 3
48 5 14 0 3
48 5 14 0 3
48 5 14 0 3
48 5 14 0 3
48 5 14 0 3
48 5 14 0 3
48 5 14 0 3
48 5 14 0 3
48 5 14 0 3
48 5 14 0 3
48 5 14 0 3
48 5 14 0 3
49 5 14 0 3
49 5 14 0 3
49 5 14 0 3
49 5 14 0 3
49 5 14 0 3
49 5 14 1 4
49 4 14 1 4
49 4 14 0 4
49 4 14 0 4
49 4 14 0 4
49 4 14 0 4
49 4 14 0 4
49 4 14 0 4
49 4 14 0 4
49 4 14 0 4
49 4 14 0 4
49 4 14 0 4
49 4 14 0 4
49 4 14 0 4
49 4 14 0 4
49 4 14 0 4
49 4 14 0 4
49 4 14 0 4
49 4 14 0 4
49 4 14 0 4
49 4 14 0 4
49 4 14 0 4
49 4 14 0 4
49 4 14 0 4
49 4 14 0 4
49 4 14 0 4
49 4 14 0 4
49 4 14 0 4
50 4 14 0 4
50 4 14 0 4
50 4 14 0 4
50 4 14 0 4
50 4 14 0 4
50 4 14 0 4
50 4 14 0 4
50 4 14 0 4
50 4 14 0 4
50 4 14 0 4
50 4 14 0 4
50 4 14 0 4
50 4 14 0 4
50 4 14 0 4
50 4 14 0 4
50 4 14 0 4
50 4 14 0 4
50 4 14 0 4
50 4 14 0 4
50 4 14 0 4
50 4 14 0 4
50 4 14 0 4
50 4 14 0 4
50 4 14 0 4
50 4 14 0 4
50 4 14 0 4
50 4 14 0 4
50 4 14 0 4
50 4 14 0 4
50 4 14 0 4
50 4 14 0 4
50 4 14 0 4
50 4 14 0 4
50 4 14 0 4
50 4 14 0 4
50 4 14 0 4
50 4 14 0 4
50 4 14 0 4
50 4 14 0 4
50 4 14 0 4
50 4 14 0 4
50 4 14 0 4
50 4 14 0 4
50 4 14 0 4
50 4 14 0 4
50 4 14 0 4
50 4 14 0 4
51 4 14 0 4
51 4 14 0 5
51 3 14 0 5
51 3 14 0 5
51 3 14 0 5
51 3 14 0 5
51 3 14 0 5
51 3 14 0 5
51 3 14 0 5
51 3 14 0 5
51 3 14 0 5
51 3 14 0 5
51 3 14 0 5
51 3 14 0 5
51 3 14 0 5
51 3 14 0 5
51 6 17 0 5
51 6 17 0 5
51 6 17 0 5
51 6 17 0 5
51 6 17 0 5
51 6 17 0 5
51 6 17 0 5
51 6 17 0 5
51 6 17 0 5
51 6 17 0 5
51 6 17 0 5
51 6 17 0 5
51 6 17 0 5
51 6 17 0 5
51 6 17 0 5
51 6 17 0 5
51 6 17 0 5
51 6 17 0 5
51 6 17 0 5
51 6 17 0 5
51 6 17 0 5
51 6 17 0 5
51 6 17 0 5
51 6 17 0 5
51 6 17 0 5
51 6 17 0 5
52 6 17 0 5
52 6 17 0 5
52 6 17 0 5
52 6 17 0 5
52 6 17 0 5
52 6 17 0 5
52 6 17 0 5
52 6 17 0 5
52 6 17 0 5
52 6 17 0 5
52 6 17 0 5
52 6 17 0 5
52 6 17 0 5
52 6 17 0 5
52 6 17 0 5
52 6 17 0 5
52 6 17 0 5
52 6 17 0 5
52 6 17 0 5
52 6 17 0 5
52 6 17 0 5
52 6 17 0 5
52 6 17 0 5
52 6 17 0 5
52 6 17 0 5
52 6 17 0 5
52 6 17 0 5
52 6 17 0 5
52 6 17 0 5
52 6 17 0 5
52 6 17 0 5
52 6 17 0 5
52 6 17 0 5
52 6 17 0 5
52 6 17 0 5
52 6 17 0 5
52 6 17 0 5
52 6 17 0 5
52 6 17 0 5
52 6 17 0 5
52 6 17 0 5
52 6 17 0 5
52 6 17 0 5
52 6 17 0 5
52 6 17 0 5
52 6 17 0 5
52 6 17 0 5
52 6 17 0 5
52 6 17 0 5
52 6 17 0 5
53 6 17 0 5
53 6 17 0 5
53 6 17 0 5
53 6 17 0 5
53 6 17 0 5
53 6 17 1 6
53 5 17 1 6
53 5 17 0 6
53 5 17 0 6
53 5 17 0 6
53 5 17 0 6
53 5 17 0 6
53 5 17 0 6
53 5 17 0 6
53 5 17 0 6
53 5 17 0 6
53 5 17 0 6
53 5 17 0 6
53 5 17 0 6
53 5 17 0 6
53 5 17 0 6
53 5 17 0 6
53 5 17 0 6
53 5 17 0 6
53 5 17 0 6
53 5 17 0 6
53 5 17 0 6
53 5 17 0 6
54 5 17 0 6
54 5 17 0 6
54 5 17 0 6
54 5 17 0 6
54 5 17 0 6
54 5 17 0 6
54 5 17 0 6
54 5 17 0 6
54 5 17 0 6
54 5 17 0 6
54 5 17 0 6
54 5 17 0 6
54 5 17 0 6
54 5 17 0 6
54 5 17 0 6
54 5 17 0 6
54 5 17 0 6
54 5 17 0 6
54 5 17 0 6
54 5 17 0 6
54 5 17 0 6
54 5 17 0 6
54 5 17 0 6
54 5 17 0 6
54 5 17 0 6
55 5 17 0 6
55 5 17 0 6
55 5 17 0 6
55 5 17 1 7
55 4 17 0 7
55 4 17 0 7
55 4 17 0 7
55 4 17 0 7
55 4 17 0 7
55 4 17 0 7
55 4 17 0 7
55 4 17 0 7
55 4 17 0 7
55 4 17 0 7
55 4 17 0 7
55 4 17 0 7
55 4 17 0 7
55 4 17 0 7
55 4 17 0 7
55 4 17 0 7
55 4 17 0 7
55 4 17 0 7
55 4 17 0 7
55 4 17 0 7
55 4 17 0 7
55 4 17 0 7
55 4 17 0 7
55 4 17 0 7
55 4 17 0 7
55 4 17 0 7
55 4 17 0 7
56 4 17 0 7
56 4 17 0 7
56 4 17 0 7
56 4 17 0 7
56 4 17 0 7
56 4 17 0 7
56 4 17 0 7
56 4 17 0 7
56 4 17 0 7
56 4 17 0 7
56 4 17 0 7
56 4 17 0 7
56 4 17 0 7
56 4 17 0 7
56 4 17 0 7
56 4 17 0 7
56 4 17 0 7
56 4 17 0 7
56 4 17 0 7
56 4 17 0 7
56 4 17 0 7
56 4 17 0 7
56 4 17 0 7
56 4 17 0 7
56 4 17 0 7
57 4 17 0 7
57 4 17 0 7
57 4 17 0 7
57 4 17 1 8
57 3 17 1 8
57 3 17 1 8
57 3 17 0 8
57 3 17 0 8
57 3 17 0 8
57 3 17 0 8
57 3 17 0 8
57 3 17 0 8
57 3 17 0 8
57 3 17 0 8
57 3 17 0 8
57 3 17 0 8
57 3 17 0 8
57 3 17 0 8
57 3 17 0 8
57 3 17 0 8
57 3 17 0 8
57 5 19 0 8
57 5 19 0 8
57 5 19 0 8
57 5 19 0 8
57 5 19 0 8
57 5 19 0 8
57 5 19 0 8
57 5 19 0 8
58 5 19 0 8
58 5 19 0 8
58 5 19 0 8
58 5 19 0 8
58 5 19 0 8
58 5 19 0 8
58 5 19 0 8
58 5 19 0 8
58 5 19 0 8
58 5 19 0 8
58 5 19 0 8
58 5 19 0 8
58 5 19 0 8
58 5 19 0 8
58 5 19 0 8
58 5 19 0 8
58 5 19 0 8
58 5 19 0 8
58 5 19 0 8
58 5 19 0 8
58 5 19 0 8
58 5 19 0 8
58 5 19 0 8
58 5 19 0 8
58 5 19 0 8
58 5 19 0 8
58 5 19 0 8
58 5 19 0 8
58 5 19 0 8
58 5 19 0 8
58 5 19 1 9
58 4 19 0 9
58 4 19 0 9
58 4 19 0 9
58 4 19 0 9
58 4 19 0 9
58 4 19 0 9
58 4 19 0 9
58 4 19 0 9
58 4 19 0 9
58 4 19 0 9
58 4 19 0 9
58 4 19 0 9
59 4 19 0 9
59 4 19 0 9
59 4 19 0 9
59 4 19 0 9
59 4 19 0 9
59 4 19 0 9
59 4 19 0 9
59 4 19 0 9
59 4 19 0 9
59 4 19 0 9
59 4 19 0 9
59 4 19 0 9
59 4 19 0 9
59 4 19 0 9
59 4 19 0 9
59 4 19 0 9
59 4 19 0 9
59 4 19 0 9
59 4 19 0 9
59 4 19 0 9
59 4 19 0 9
59 4 19 0 9
59 4 19 0 9
59 4 19 0 9
59 4 19 0 9
59 4 19 0 9
59 4 19 0 9
59 4 19 0 9
59 4 19 0 9
59 4 19 0 9
59 4 19 0 9
59 4 19 0 9
59 4 19 0 9
59 4 19 0 9
59 4 19 0 9
59 4 19 0 9
59 4 19 0 9
59 4 19 0 9
59 4 19 0 9
59 4 19 0 9
59 4 19 0 9
59 4 19 0 9
59 4 19 0 9
59 4 19 0 9
59 4 19 0 9
59 4 19 0 9
59 4 19 0 9
59 4 19 0 9
60 4 19 0 9
60 4 19 0 9
60 4 19 0 9
60 4 19 0 9
60 4 19 0 9
60 4 19 0 9
60 4 19 0 9
60 4 19 0 9
60 4 19 0 9
60 4 19 0 9
60 4 19 0 9
60 4 19 0 9
60 4 19 0 9
60 4 19 0 9
60 4 19 0 9
60 4 19 0 9
60 4 19 0 9
60 4 19 0 9
60 4 19 0 9
60 4 19 0 9
60 4 19 0 9
60 4 19 0 9
60 4 19 0 9
60 4 19 0 9
60 4 19 0 9
60 4 19 0 9
60 4 19 0 10
60 3 19 0 10
60 3 19 0 10
60 3 19 0 10
60 3 19 0 10
60 3 19 0 10
60 3 19 0 10
60 3 19 0 10
60 3 19 0 10
60 3 19 0 10
60 3 19 0 10
60 3 19 0 10
60 3 19 0 10
60 3 19 0 10
60 3 19 0 10
60 3 19 0 10
60 3 19 0 10
60 3 19 0 10
60 3 19 0 10
61 3 19 0 10
61 3 19 0 10
61 3 19 0 10
61 3 19 0 10
61 3 19 0 10
61 3 19 0 10
61 3 19 0 10
61 3 19 0 10
61 3 19 0 10
61 3 19 0 10
61 3 19 0 10
61 3 19 0 10
61 3 19 0 10
61 3 19 0 10
61 3 19 0 10
61 3 19 0 10
61 3 19 0 10
61 3 19 0 10
61 3 19 0 10
61 3 19 0 10
61 3 19 0 10
61 3 19 0 10
61 3 19 0 10
61 3 19 0 10
61 3 19 0 10
61 3 19 0 10
61 3 19 0 10
61 3 19 0 10
61 3 19 0 10
61 3 19 0 10
61 3 19 0 10
61 3 19 0 10
61 3 19 0 10
61 3 19 0 10
61 3 19 0 10
61 3 19 0 10
61 3 19 0 10
62 3 19 0 10
62 3 19 0 10
62 3 19 0 10
62 3 19 0 10
62 3 19 0 10
62 3 19 0 10
62 3 19 0 10
62 3 19 0 10
62 3 19 0 10
62 3 19 0 10
62 3 19 0 10
62 3 19 0 10
62 3 19 0 10
62 3 19 0 10
62 3 19 0 10
62 3 19 1 11
62 2 19 1 11
62 2 19 1 11
62 2 19 0 11
62 2 19 0 11
62 2 19 0 11
62 2 19 0 11
62 2 19 0 11
62 2 19 0 11
62 2 19 0 11
62 2 19 0 11
62 2 19 0 11
62 2 19 0 11
62 2 19 0 11
62 2 19 0 11
62 2 19 0 11
63 2 19 0 11
63 2 19 0 11
63 2 19 0 11
63 2 19 0 11
63 2 19 0 11
63 2 19 0 11
63 4 21 0 11
63 4 21 0 11
63 4 21 0 11
63 4 21 0 11
63 4 21 0 11
63 4 21 0 11
63 4 21 0 11
63 4 21 0 11
63 4 21 0 11
63 4 21 0 11
63 4 21 0 11
63 4 21 0 11
63 4 21 0 11
63 4 21 0 11
63 4 21 0 11
63 4 21 0 11
63 4 21 0 11
63 4 21 0 11
63 4 21 0 11
63 4 21 0 11
63 4 21 0 11
63 4 21 0 11
63 4 21 0 11
63 4 21 0 11
63 4 21 0 11
63 4 21 0 11
63 4 21 0 11
63 4 21 0 11
63 4 21 0 11
63 4 21 0 11
63 4 21 0 11
63 4 21 0 11
63 4 21 0 11
63 4 21 0 11
64 4 21 0 11
64 4 21 0 11
64 4 21 0 11
64 4 21 0 11
64 4 21 0 11
64 4 21 0 11
64 4 21 0 11
64 4 21 0 11
64 4 21 0 11
64 4 21 0 11
64 4 21 1 12
64 3 21 1 12
64 3 21 1 12
64 3 21 0 12
64 3 21 0 12
64 3 21 0 12
64 3 21 0 12
64 3 21 0 12
64 3 21 0 12
64 3 21 0 12
64 3 21 0 12
64 3 21 0 12
64 3 21 0 12
64 3 21 0 12
64 3 21 0 12
64 3 21 0 12
64 3 21 0 12
64 3 21 0 12
64 3 21 0 12
64 3 21 0 12
64 3 21 0 12
64 3 21 0 12
64 3 21 0 12
64 3 21 0 12
64 3 21 0 12
64 3 21 0 12
65 3 21 0 12
65 3 21 0 12
65 3 21 0 12
65 3 21 0 12
65 3 21 0 12
65 3 21 0 12
65 3 21 0 12
65 3 21 0 12
65 3 21 0 12
65 3 21 0 12
65 3 21 0 12
65 3 21 0 12
65 3 21 0 12
65 3 21 0 12
65 3 21 0 12
65 3 21 0 12
65 3 21 0 12
65 3 21 0 12
65 3 21 0 12
65 3 21 0 12
65 3 21 0 12
65 3 21 0 12
65 3 21 0 12
65 3 21 0 12
65 3 21 0 12
65 3 21 0 12
65 3 21 0 12
65 3 21 0 12
65 3 21 0 12
65 3 21 0 12
65 3 21 0 12
65 3 21 0 12
65 3 21 0 12
65 3 21 0 12
65 3 21 0 12
65 3 21 0 12
65 3 21 0 12
65 3 21 0 12
65 3 21 0 12
65 3 21 0 12
65 3 21 0 12
65 3 21 0 12
65 3 21 0 12
65 3 21 0 12
66 3 21 0 12
66 3 21 1 13
66 2 21 1 13
66 2 21 0 13
66 2 21 0 13
66 2 21 0 13
66 2 21 0 13
66 2 21 0 13
66 2 21 0 13
66 2 21 0 13
66 2 21 0 13
66 2 21 0 13
66 2 21 0 13
66 2 21 0 13
66 2 21 0 13
66 2 21 0 13
66 2 21 0 13
66 2 21 0 13
66 2 21 0 13
66 2 21 0 13
66 2 21 0 13
66 2 21 0 13
66 2 21 0 13
66 2 21 0 13
66 2 21 0 13
66 2 21 0 13
66 2 21 0 13
66 2 21 0 13
66 2 21 0 13
66 2 21 0 13
66 8 27 0 13
66 8 27 0 13
66 8 27 0 13
66 8 27 0 13
67 8 27 0 13
67 8 27 0 13
67 8 27 0 13
67 8 27 0 13
67 8 27 0 13
67 8 27 0 13
67 8 27 0 13
67 8 27 0 13
67 8 27 0 13
67 8 27 0 13
67 8 27 0 13
67 8 27 0 13
67 8 27 0 13
67 8 27 0 13
67 8 27 0 13
67 8 27 0 13
67 8 27 0 13
67 8 27 0 13
67 8 27 0 13
67 8 27 0 13
67 8 27 0 13
67 8 27 0 13
67 8 27 0 13
67 8 27 0 13
67 8 27 0 13
67 8 27 0 13
67 8 27 0 13
67 8 27 0 13
67 8 27 0 13
67 8 27 0 13
67 8 27 0 13
67 8 27 0 13
67 8 27 0 13
67 8 27 0 13
67 8 27 0 13
67 8 27 0 13
67 8 27 0 13
67 8 27 0 13
67 8 27 0 13
67 8 27 0 14
68 7 27 0 14
68 7 27 0 14
68 7 27 0 14
68 7 27 0 14
68 7 27 0 14
68 7 27 0 14
68 7 27 0 14
68 7 27 0 14
68 7 27 0 14
68 7 27 0 14
68 7 27 0 14
68 7 27 0 14
68 7 27 0 14
68 7 27 0 14
68 7 27 0 14
68 7 27 0 14
68 7 27 0 14
68 7 27 0 14
68 7 27 0 14
68 7 27 0 14
68 7 27 0 14
68 7 27 0 14
68 7 27 0 14
68 7 27 0 14
68 7 27 0 14
68 7 27 0 14
68 7 27 0 14
68 7 27 0 14
68 7 27 0 14
68 7 27 0 14
68 7 27 0 14
68 7 27 0 14
69 7 27 0 14
69 7 27 0 14
69 7 27 0 14
69 7 27 0 14
69 7 27 0 14
69 7 27 0 14
69 7 27 0 14
69 7 27 0 14
69 7 27 0 14
69 7 27 0 14
69 7 27 0 14
69 7 27 0 14
69 7 27 0 14
69 7 27 0 14
69 7 27 0 14
69 7 27 0 14
69 7 27 0 14
69 7 27 0 14
69 7 27 0 14
69 7 27 0 14
69 7 27 0 14
69 7 27 0 14
69 7 27 0 14
69 7 27 0 14
69 7 27 0 14
69 7 27 0 14
69 7 27 0 14
69 7 27 0 14
69 7 27 0 14
69 7 27 0 14
69 7 27 0 14
69 7 27 0 14
69 7 27 0 14
69 7 27 0 15
69 6 27 0 15
69 6 27 0 15
69 6 27 0 15
70 6 27 0 15
70 6 27 0 15
70 6 27 0 15
70 6 27 0 15
70 6 27 0 15
70 6 27 0 15
70 6 27 0 15
70 8 29 0 15
70 8 29 0 15
70 8 29 0 15
70 8 29 0 15
70 8 29 0 15
70 8 29 0 15
70 8 29 0 15
70 8 29 0 15
70 8 29 0 15
70 8 29 0 15
70 8 29 0 15
70 8 29 0 15
70 8 29 0 15
70 8 29 0 15
70 8 29 0 15
70 8 29 0 15
70 8 29 0 15
70 8 29 0 15
70 8 29 0 15
70 8 29 0 15
70 8 29 0 15
70 8 29 0 15
70 8 29 0 15
70 8 29 0 15
70 8 29 0 15
71 8 29 0 15
71 8 29 0 15
71 8 29 0 15
71 8 29 0 15
71 8 29 0 15
71 8 29 0 15
71 8 29 0 15
71 8 29 0 15
71 8 29 0 15
71 8 29 0 15
71 8 29 0 15
71 8 29 0 15
71 8 29 0 15
71 8 29 0 15
71 8 29 0 15
71 8 29 0 15
71 8 29 0 15
71 8 29 0 15
71 8 29 0 15
71 8 29 0 15
71 8 29 0 15
71 8 29 0 15
71 8 29 0 15
71 8 29 0 15
71 8 29 0 15
71 8 29 0 15
71 8 29 0 15
71 8 29 0 15
71 8 29 0 15
71 8 29 0 15
71 8 29 0 15
71 8 29 0 15
72 8 29 0 15
72 8 29 0 15
72 8 29 0 15
72 8 29 0 15
72 8 29 0 15
72 8 29 0 15
72 8 29 0 15
72 8 29 0 15
72 8 29 0 15
72 8 29 0 15
72 8 29 0 15
72 8 29 0 15
72 8 29 0 15
72 8 29 1 16
73 7 29 0 16
73 7 29 0 16
73 7 29 0 16
73 7 29 0 16
73 7 29 0 16
73 7 29 0 16
73 7 29 0 16
73 7 29 0 16
73 7 29 0 16
73 7 29 0 16
73 7 29 0 16
73 7 29 0 16
73 7 29 0 16
73 7 29 0 16
73 7 29 0 16
73 7 29 0 16
73 7 29 0 16
73 7 29 0 16
73 7 29 0 16
73 7 29 0 16
73 7 29 0 16
73 7 29 0 16
73 7 29 0 16
73 7 29 0 16
73 7 29 0 16
73 7 29 0 16
73 7 29 0 16
73 7 29 0 16
73 7 29 0 16
73 7 29 0 16
73 7 29 0 16
73 7 29 0 16
73 7 29 0 16
73 7 29 0 16
73 7 29 0 16
73 7 29 0 16
73 7 29 0 16
73 7 29 0 16
73 7 29 0 16
73 7 29 0 16
73 7 29 0 16
73 7 29 0 16
73 7 29 0 16
74 7 29 0 16
74 7 29 0 16
74 7 29 0 16
74 7 29 0 16
74 7 29 0 16
74 7 29 0 16
74 7 29 0 16
74 7 29 0 16
74 7 29 0 16
74 7 29 0 16
74 7 29 0 16
74 7 29 0 16
74 7 29 0 16
74 7 29 0 16
74 7 29 0 16
74 7 29 0 16
74 7 29 0 16
74 7 29 0 16
74 7 29 0 16
74 7 29 0 16
74 7 29 0 16
74 7 29 0 16
74 7 29 0 16
74 7 29 0 16
74 7 29 0 16
74 7 29 0 16
74 7 29 0 16
74 7 29 0 17
74 6 29 0 17
74 6 29 0 17
74 6 29 0 17
74 6 29 0 17
74 6 29 0 17
74 6 29 0 17
74 6 29 0 17
74 6 29 0 17
74 6 29 0 17
74 6 29 0 17
74 6 29 0 17
74 6 29 0 17
74 6 29 0 17
74 6 29 0 17
74 6 29 0 17
75 6 29 0 17
75 6 29 0 17
75 6 29 0 17
75 6 29 0 17
75 6 29 0 17
75 6 29 0 17
75 6 29 0 17
75 6 29 0 17
75 6 29 0 17
75 6 29 0 17
75 6 29 0 17
75 6 29 0 17
75 6 29 0 17
75 6 29 0 17
75 6 29 0 17
75 6 29 0 17
75 6 29 0 17
75 6 29 0 17
75 6 29 0 17
75 6 29 0 17
75 6 29 0 17
75 6 29 0 17
75 6 29 0 17
75 6 29 0 17
75 6 29 0 17
75 6 29 0 17
75 6 29 0 17
75 6 29 0 17
75 6 29 0 17
75 6 29 0 17
75 6 29 0 17
75 6 29 0 17
75 6 29 0 17
75 6 29 0 17
75 6 29 0 17
75 6 29 0 17
75 6 29 0 17
75 6 29 0 17
75 6 29 0 17
75 6 29 0 17
75 6 29 0 17
75 6 29 0 17
75 6 29 0 17
75 6 29 0 17
75 6 29 0 17
75 6 29 0 17
75 6 29 0 17
75 6 29 0 17
75 6 29 0 17
75 6 29 0 17
76 6 29 0 17
76 6 29 0 17
76 6 29 0 17
76 6 29 0 17
76 6 29 0 17
76 6 29 0 17
76 6 29 0 17
76 6 29 0 17
76 6 29 0 17
76 6 29 0 17
76 6 29 0 17
76 6 29 0 17
76 6 29 0 17
76 6 29 0 17
76 6 29 0 17
76 6 29 0 17
76 6 29 0 17
76 6 29 0 17
76 6 29 0 17
76 6 29 0 17
76 6 29 0 18
76 5 29 0 18
76 5 29 0 18
76 5 29 0 18
76 5 29 0 18
76 5 29 0 18
76 5 29 0 18
76 5 29 0 18
76 5 29 0 18
76 5 29 0 18
76 5 29 0 18
76 5 29 0 18
76 5 29 0 18
76 5 29 0 18
76 5 29 0 18
76 5 29 0 18
76 5 29 0 18
76 5 29 0 18
76 5 29 0 18
76 5 29 0 18
76 5 29 0 18
77 5 29 0 18
77 5 29 0 18
77 5 29 0 18
77 5 29 0 18
77 5 29 0 18
77 5 29 0 18
77 5 29 0 18
77 5 29 0 18
77 5 29 0 18
77 5 29 0 18
77 5 29 0 18
77 5 29 0 18
77 5 29 0 18
77 5 29 0 18
77 5 29 0 18
77 5 29 0 18
77 5 29 0 18
77 5 29 0 18
77 5 29 0 18
77 5 29 0 18
77 5 29 0 18
77 5 29 0 18
77 5 29 0 18
77 5 29 0 18
77 5 29 0 18
77 5 29 0 18
77 5 29 0 18
77 5 29 0 18
77 5 29 0 18
77 5 29 0 18
77 5 29 0 18
77 5 29 0 18
77 5 29 0 18
77 5 29 0 18
77 5 29 0 18
77 5 29 0 18
77 5 29 0 18
77 5 29 0 18
77 5 29 0 18
77 5 29 0 18
77 5 29 0 18
77 5 29 0 18
77 5 29 0 18
77 5 29 0 18
77 5 29 0 18
77 5 29 0 18
77 5 29 0 18
78 5 29 0 18
78 5 29 0 18
78 5 29 0 18
78 5 29 0 18
78 5 29 0 18
78 5 29 0 18
78 5 29 0 18
78 5 29 0 18
78 5 29 1 19
78 4 29 1 19
78 4 29 0 19
78 4 29 0 19
78 4 29 0 19
78 4 29 0 19
78 4 29 0 19
78 4 29 0 19
78 4 29 0 19
78 4 29 0 19
78 4 29 0 19
78 4 29 0 19
78 4 29 0 19
78 4 29 0 19
78 4 29 0 19
78 4 29 0 19
78 4 29 0 19
78 4 29 0 19
78 4 29 0 19
78 4 29 0 19
78 4 29 0 19
78 9 34 0 19
78 9 34 0 19
78 9 34 0 19
78 9 34 0 19
78 9 34 0 19
78 9 34 0 19
78 9 34 0 19
78 9 34 0 19
78 9 34 0 19
78 9 34 0 19
79 9 34 0 19
79 9 34 0 19
79 9 34 0 19
79 9 34 0 19
79 9 34 0 19
79 9 34 0 19
79 9 34 0 19
79 9 34 0 19
79 9 34 0 19
79 9 34 0 19
79 9 34 0 19
79 9 34 0 19
79 9 34 0 19
79 9 34 0 19
79 9 34 0 19
79 9 34 0 19
79 9 34 0 19
79 9 34 0 19
79 9 34 0 19
79 9 34 0 19
79 9 34 0 19
79 9 34 0 19
79 9 34 0 19
79 9 34 0 19
79 9 34 0 19
79 9 34 0 19
79 9 34 0 19
79 9 34 0 19
79 9 34 0 19
79 9 34 0 19
79 9 34 0 19
79 9 34 0 19
79 9 34 0 19
79 9 34 0 19
79 9 34 0 19
79 9 34 0 19
79 9 34 0 19
79 9 34 0 19
79 9 34 0 19
79 9 34 0 19
79 9 34 0 19
79 9 34 0 19
79 9 34 0 19
79 9 34 0 19
80 9 34 0 19
80 9 34 0 20
80 8 34 0 20
80 8 34 0 20
80 8 34 0 20
80 8 34 0 20
80 8 34 0 20
80 8 34 0 20
80 8 34 0 20
80 8 34 0 20
80 8 34 0 20
80 8 34 0 20
80 8 34 0 20
80 8 34 0 20
80 8 34 0 20
80 8 34 0 20
80 8 34 0 20
80 8 34 0 20
80 8 34 0 20
80 8 34 0 20
80 8 34 0 20
80 8 34 0 20
80 8 34 0 20
80 8 34 0 20
80 8 34 0 20
80 8 34 0 20
80 8 34 0 20
80 8 34 0 20
80 12 38 0 20
80 12 38 0 20
80 12 38 0 20
80 12 38 0 20
80 12 38 0 20
80 12 38 0 20
81 12 38 0 20
81 12 38 0 20
81 12 38 0 20
81 12 38 0 20
81 12 38 0 20
81 12 38 0 20
81 12 38 0 20
81 12 38 0 20
81 12 38 0 20
81 12 38 0 20
81 12 38 0 20
81 12 38 0 20
81 12 38 0 20
81 12 38 0 20
81 12 38 0 20
81 12 38 0 20
81 12 38 0 20
81 12 38 0 20
81 12 38 0 20
81 12 38 0 20
81 12 38 0 20
81 12 38 0 20
81 12 38 0 20
81 12 38 0 20
81 12 38 0 20
81 12 38 0 20
81 12 38 0 20
81 12 38 0 20
81 12 38 0 20
81 12 38 0 20
81 12 38 0 20
81 12 38 0 20
82 12 38 0 20
82 12 38 0 21
82 11 38 0 21
82 11 38 0 21
82 11 38 0 21
82 11 38 0 21
82 11 38 0 21
82 11 38 0 21
82 11 38 0 21
82 11 38 0 21
82 11 38 0 21
82 11 38 0 21
82 11 38 0 21
82 11 38 0 21
82 11 38 0 21
82 11 38 0 21
82 11 38 0 21
82 11 38 0 21
82 11 38 0 21
82 11 38 0 21
82 11 38 0 21
82 11 38 0 21
82 11 38 0 21
82 11 38 0 21
82 11 38 0 21
82 11 38 0 21
82 11 38 0 21
82 11 38 0 21
82 17 44 0 21
82 17 44 0 21
82 17 44 0 21
82 17 44 0 21
82 17 44 0 21
83 17 44 0 21
83 17 44 0 21
83 17 44 0 21
83 17 44 0 21
83 17 44 0 21
83 17 44 0 21
83 17 44 0 21
83 17 44 0 21
83 17 44 0 21
83 17 44 0 21
83 17 44 0 21
83 17 44 0 21
83 17 44 0 21
83 17 44 0 21
83 17 44 0 21
83 17 44 0 21
83 17 44 0 21
83 17 44 0 21
83 17 44 0 21
83 17 44 0 21
83 17 44 0 21
83 17 44 0 21
83 17 44 0 21
83 17 44 0 21
83 17 44 0 21
83 17 44 0 21
83 17 44 0 21
83 17 44 0 21
83 17 44 0 21
83 17 44 0 21
83 17 44 0 21
83 17 44 0 21
83 17 44 0 21
83 17 44 0 21
83 17 44 0 22
84 16 44 0 22
84 16 44 0 22
84 16 44 0 22
84 16 44 0 22
84 16 44 0 22
84 16 44 0 22
84 16 44 0 22
84 16 44 0 22
84 16 44 0 22
84 16 44 0 22
84 16 44 0 22
84 16 44 0 22
84 16 44 0 22
84 16 44 0 22
84 16 44 0 22
84 16 44 0 22
84 16 44 0 22
84 16 44 0 22
84 16 44 0 22
84 16 44 0 22
84 16 44 0 22
84 16 44 0 22
84 16 44 0 22
84 16 44 0 22
84 16 44 0 22
84 16 44 0 22
84 16 44 0 22
85 16 44 0 22
85 16 44 0 22
85 16 44 0 22
85 16 44 0 22
85 16 44 0 22
85 16 44 0 22
85 16 44 0 22
85 16 44 0 22
85 16 44 0 22
85 16 44 0 22
85 16 44 0 22
85 16 44 0 22
85 16 44 0 22
85 16 44 0 22
85 16 44 0 22
85 16 44 0 22
85 16 44 0 22
85 16 44 0 22
85 16 44 0 22
85 16 44 0 22
85 16 44 0 22
85 16 44 0 22
85 16 44 0 22
85 16 44 0 22
85 16 44 0 22
85 16 44 0 22
85 16 44 0 22
85 16 44 0 22
85 16 44 0 22
85 16 44 0 22
85 16 44 0 22
85 16 44 0 22
85 16 44 0 22
85 16 44 0 22
85 16 44 0 23
85 15 44 0 23
85 15 44 0 23
85 15 44 0 23
85 15 44 0 23
85 15 44 0 23
85 15 44 0 23
85 15 44 0 23
86 15 44 0 23
86 15 44 0 23
86 15 44 0 23
86 15 44 0 23
86 15 44 0 23
86 15 44 0 23
86 15 44 0 23
86 15 44 0 23
86 15 44 0 23
86 15 44 0 23
86 15 44 0 23
86 15 44 0 23
86 15 44 0 23
86 15 44 0 23
86 15 44 0 23
86 15 44 0 23
86 15 44 0 23
86 15 44 0 23
86 15 44 0 23
86 15 44 0 23
86 15 44 0 23
86 15 44 0 23
86 15 44 0 23
86 15 44 0 23
86 15 44 0 23
86 15 44 0 23
86 15 44 0 23
86 15 44 0 23
86 15 44 0 23
86 15 44 0 23
86 15 44 0 23
86 15 44 0 23
86 15 44 0 23
86 15 44 0 23
86 15 44 0 23
86 15 44 0 23
86 15 44 0 23
86 15 44 0 23
86 15 44 0 23
86 15 44 0 23
86 15 44 0 23
86 15 44 0 23
86 15 44 0 23
87 15 44 0 23
87 15 44 0 23
87 15 44 0 23
87 15 44 0 23
87 15 44 0 23
87 15 44 0 23
87 15 44 0 23
87 15 44 0 23
87 15 44 0 23
87 15 44 0 23
87 15 44 0 23
87 15 44 0 23
87 15 44 0 23
87 15 44 0 23
87 15 44 0 23
87 15 44 0 23
87 15 44 0 23
87 15 44 0 23
87 15 44 0 23
87 15 44 0 23
87 15 44 0 23
87 15 44 0 23
87 15 44 0 23
87 15 44 0 23
87 15 44 0 23
87 15 44 1 24
87 14 44 1 24
87 14 44 0 24
87 14 44 0 24
87 14 44 0 24
88 14 44 0 24
88 14 44 0 24
88 14 44 0 24
88 14 44 0 24
88 14 44 0 24
88 14 44 0 24
88 14 44 0 24
88 14 44 0 24
88 14 44 0 24
88 14 44 0 24
88 14 44 0 24
88 14 44 0 24
88 14 44 0 24
88 14 44 0 24
88 14 44 0 24
88 14 44 0 24
88 14 44 0 24
88 14 44 0 24
88 14 44 0 24
88 14 44 0 24
88 14 44 0 24
88 14 44 0 24
88 14 44 0 24
88 14 44 0 24
88 14 44 0 24
88 14 44 0 24
88 14 44 0 24
88 14 44 0 24
88 14 44 0 24
88 14 44 0 24
88 14 44 0 24
88 14 44 0 24
88 14 44 0 24
88 14 44 0 24
88 14 44 0 24
88 14 44 0 24
88 14 44 0 24
88 14 44 0 24
88 14 44 0 24
88 14 44 0 24
88 14 44 0 24
88 14 44 0 24
88 14 44 0 24
88 14 44 0 24
88 14 44 0 24
88 14 44 0 24
88 14 44 0 24
88 14 44 0 24
88 14 44 0 24
88 14 44 0 24
88 14 44 0 24
88 14 44 0 24
88 14 44 0 24
89 14 44 0 24
89 14 44 0 24
89 14 44 0 24
89 14 44 0 24
89 14 44 0 24
89 14 44 0 24
89 14 44 0 24
89 14 44 0 24
89 14 44 0 24
89 14 44 0 24
89 14 44 0 24
89 14 44 0 24
89 14 44 0 24
89 14 44 0 24
89 14 44 0 24
89 14 44 0 24
89 14 44 0 24
89 14 44 0 24
89 14 44 0 24
89 14 44 0 24
89 14 44 0 24
89 14 44 0 24
89 14 44 0 24
89 14 44 0 24
89 14 44 0 24
89 14 44 0 24
89 14 44 0 24
89 14 44 0 24
89 14 44 1 25
89 13 44 1 25
89 13 44 0 25
89 13 44 0 25
89 13 44 0 25
89 13 44 0 25
89 13 44 0 25
89 13 44 0 25
89 13 44 0 25
89 13 44 0 25
89 13 44 0 25
89 13 44 0 25
89 13 44 0 25
90 13 44 0 25
90 13 44 0 25
90 13 44 0 25
90 13 44 0 25
90 13 44 0 25
90 13 44 0 25
90 13 44 0 25
90 13 44 0 25
90 13 44 0 25
90 13 44 0 25
90 13 44 0 25
90 13 44 0 25
90 13 44 0 25
90 13 44 0 25
90 13 44 0 25
90 13 44 0 25
90 13 44 0 25
90 13 44 0 25
90 13 44 0 25
90 13 44 0 25
90 13 44 0 25
90 13 44 0 25
90 13 44 0 25
90 13 44 0 25
90 13 44 0 25
90 13 44 0 25
90 13 44 0 25
90 13 44 0 25
90 13 44 0 25
90 13 44 0 25
90 13 44 0 25
90 13 44 0 25
90 13 44 0 25
90 13 44 0 25
90 13 44 0 25
90 13 44 0 25
90 13 44 0 25
90 13 44 0 25
90 13 44 0 25
90 13 44 0 25
90 13 44 0 25
90 13 44 0 25
90 13 44 0 25
90 13 44 0 25
90 13 44 0 25
90 13 44 0 25
90 13 44 0 25
90 13 44 0 25
90 13 44 0 25
90 13 44 0 25
91 13 44 0 25
91 13 44 0 25
91 13 44 0 25
91 13 44 0 25
91 13 44 0 25
91 13 44 0 25
91 13 44 0 25
91 13 44 0 25
91 13 44 0 25
91 13 44 0 25
91 13 44 0 25
91 13 44 0 25
91 13 44 0 25
91 13 44 0 25
91 13 44 0 25
91 13 44 0 25
91 13 44 0 25
91 13 44 0 25
91 13 44 0 25
91 13 44 0 25
91 13 44 0 25
91 13 44 0 25
91 13 44 0 25
91 13 44 0 25
91 13 44 0 25
91 13 44 0 25
91 13 44 0 25
91 13 44 0 25
91 13 44 1 26
91 12 44 0 26
91 12 44 0 26
91 12 44 0 26
91 12 44 0 26
91 12 44 0 26
91 12 44 0 26
91 12 44 0 26
91 12 44 0 26
91 12 44 0 26
91 12 44 0 26
91 12 44 0 26
92 12 44 0 26
92 12 44 0 26
92 12 44 0 26
92 12 44 0 26
92 12 44 0 26
92 12 44 0 26
92 12 44 0 26
92 12 44 0 26
92 13 45 0 26
92 13 45 0 26
92 13 45 0 26
92 13 45 0 26
92 13 45 0 26
92 13 45 0 26
92 13 45 0 26
92 13 45 0 26
92 13 45 0 26
92 13 45 0 26
92 13 45 0 26
92 13 45 0 26
92 13 45 0 26
92 13 45 0 26
92 13 45 0 26
92 13 45 0 26
92 13 45 0 26
92 13 45 0 26
92 13 45 0 26
92 13 45 0 26
92 13 45 0 26
92 13 45 0 26
92 13 45 0 26
92 13 45 0 26
92 13 45 0 26
92 13 45 0 26
92 13 45 0 26
92 13 45 0 26
92 13 45 0 26
92 13 45 0 26
92 13 45 0 26
92 13 45 0 26
92 13 45 0 26
92 13 45 0 26
92 13 45 0 26
92 13 45 0 26
92 13 45 0 26
92 13 45 0 26
92 13 45 0 26
92 13 45 0 26
92 13 45 0 26
93 13 45 0 26
93 13 45 0 26
93 13 45 0 26
93 13 45 0 26
93 13 45 0 26
93 13 45 0 26
93 13 45 0 26
93 13 45 0 26
93 13 45 0 26
93 13 45 0 26
93 13 45 0 26
93 13 45 0 26
93 13 45 0 26
93 13 45 0 26
93 13 45 0 26
93 13 45 1 27
93 12 45 1 27
93 12 45 1 27
93 12 45 0 27
93 12 45 0 27
93 12 45 0 27
93 12 45 0 27
93 12 45 0 27
93 12 45 0 27
93 12 45 0 27
93 12 45 0 27
93 12 45 0 27
93 12 45 0 27
94 12 45 0 27
94 12 45 0 27
94 12 45 0 27
94 12 45 0 27
94 12 45 0 27
94 12 45 0 27
94 12 45 0 27
94 12 45 0 27
94 12 45 0 27
94 12 45 0 27
94 12 45 0 27
94 12 45 0 27
94 12 45 0 27
94 12 45 0 27
94 12 45 0 27
94 12 45 0 27
94 12 45 0 27
94 12 45 0 27
94 12 45 0 27
94 12 45 0 27
94 12 45 0 27
94 12 45 0 27
94 12 45 0 27
94 12 45 0 27
94 12 45 0 27
94 12 45 0 27
94 12 45 0 27
94 12 45 0 27
94 12 45 0 27
94 12 45 0 27
94 12 45 0 27
94 12 45 0 27
94 12 45 0 27
94 12 45 0 27
94 12 45 0 27
94 12 45 0 27
94 12 45 0 27
94 12 45 0 27
94 12 45 0 27
94 12 45 0 27
94 12 45 0 27
94 12 45 0 27
94 12 45 0 27
95 12 45 0 27
95 12 45 0 27
95 12 45 0 27
95 12 45 0 27
95 12 45 0 27
95 12 45 0 28
95 11 45 0 28
95 11 45 0 28
95 11 45 0 28
95 11 45 0 28
95 11 45 0 28
95 11 45 0 28
95 11 45 0 28
95 11 45 0 28
95 11 45 0 28
95 11 45 0 28
95 11 45 0 28
95 11 45 0 28
95 11 45 0 28
95 11 45 0 28
95 11 45 0 28
95 11 45 0 28
95 11 45 0 28
95 11 45 0 28
95 11 45 0 28
95 11 45 0 28
96 11 45 0 28
96 11 45 0 28
96 15 49 0 28
96 15 49 0 28
96 15 49 0 28
96 15 49 0 28
96 15 49 0 28
96 15 49 0 28
96 15 49 0 28
96 15 49 0 28
96 15 49 0 28
96 15 49 0 28
96 15 49 0 28
96 15 49 0 28
96 15 49 0 28
96 15 49 0 28
96 15 49 0 28
96 15 49 0 28
96 15 49 0 28
96 15 49 0 28
96 15 49 0 28
96 15 49 0 28
96 15 49 0 28
96 15 49 0 28
96 15 49 0 28
96 15 49 0 28
96 15 49 0 28
96 15 49 0 28
96 15 49 0 28
96 15 49 0 28
96 15 49 0 28
96 15 49 0 28
96 15 49 0 28
96 15 49 0 28
97 15 49 0 28
97 15 49 1 29
97 14 49 1 29
97 14 49 0 29
97 14 49 0 29
97 14 49 0 29
97 14 49 0 29
97 14 49 0 29
97 14 49 0 29
97 14 49 0 29
97 14 49 0 29
97 14 49 0 29
97 14 49 0 29
97 14 49 0 29
97 14 49 0 29
97 14 49 0 29
97 14 49 0 29
97 14 49 0 29
97 14 49 0 29
97 14 49 0 29
97 14 49 0 29
97 14 49 0 29
97 14 49 0 29
97 14 49 0 29
97 14 49 0 29
97 14 49 0 29
97 14 49 0 29
97 14 49 0 29
97 14 49 0 29
98 14 49 0 29
98 20 55 0 29
98 20 55 0 29
98 20 55 0 29
98 20 55 0 29
98 20 55 0 29
98 20 55 0 29
98 20 55 0 29
98 20 55 0 29
98 20 55 0 29
98 20 55 0 29
98 20 55 0 29
98 20 55 0 29
98 20 55 0 29
98 20 55 0 29
98 20 55 0 29
98 20 55 0 29
98 20 55 0 29
98 20 55 0 29
98 20 55 0 29
98 20 55 0 29
98 20 55 0 29
98 20 55 0 29
98 20 55 0 29
98 20 55 0 29
98 20 55 0 29
98 20 55 0 29
98 20 55 0 29
98 20 55 0 30
99 19 55 0 30
99 19 55 0 30
99 19 55 0 30
99 19 55 0 30
99 19 55 0 30
99 19 55 0 30
99 19 55 0 30
99 19 55 0 30
99 19 55 0 30
99 19 55 0 30
99 21 57 0 30
99 21 57 0 30
99 21 57 0 30
99 21 57 0 30
99 21 57 0 30
99 21 57 0 30
99 21 57 0 30
99 21 57 0 30
99 21 57 0 30
99 21 57 0 30
99 21 57 0 30
99 21 57 0 30
99 21 57 0 30
99 21 57 0 30
99 21 57 0 30
99 21 57 0 30
99 21 57 0 30
99 21 57 0 30
99 21 57 0 30
99 21 57 0 30
99 21 57 0 30
99 21 57 0 30
99 21 57 0 30
99 21 57 0 30
99 21 57 0 30
99 21 57 0 30
99 21 57 0 30
99 21 57 0 30
99 21 57 0 30
99 21 57 0 30
99 21 57 0 30
99 21 57 0 30
99 21 57 0 30
99 21 57 0 30
99 21 57 0 30
100 21 57 0 30
100 21 57 0 30
100 21 57 0 30
100 21 57 0 30
100 21 57 0 30
100 21 57 0 30
100 21 57 0 30
100 21 57 0 30
100 21 57 0 30
100 21 57 0 30
100 21 57 0 30
100 21 57 0 30
100 21 57 0 30
100 21 57 0 30
100 21 57 0 30
100 21 57 0 30
100 21 57 0 30
100 21 57 0 30
100 21 57 0 30
100 21 57 0 30
100 21 57 0 30
100 21 57 0 30
100 21 57 0 30
100 21 57 0 30
100 21 57 0 30
101 21 57 0 30
101 21 57 0 30
101 21 57 0 30
101 21 57 0 30
101 21 57 0 30
101 21 57 0 30
101 21 57 0 30
101 21 57 0 30
101 21 57 0 30
101 21 57 0 30
101 21 57 0 30
101 21 57 0 30
101 21 57 0 30
101 21 57 0 30
101 21 57 0 30
101 21 57 0 30
101 21 57 0 30
101 21 57 0 30
101 21 57 0 30
101 21 57 0 30
101 21 57 0 30
101 21 57 0 30
101 21 57 0 30
101 21 57 0 30
101 21 57 0 30
101 21 57 0 30
101 21 57 0 30
101 21 57 0 30
101 21 57 0 30
101 21 57 0 30
102 21 57 0 30
102 21 57 0 30
102 21 57 0 30
102 21 57 0 30
102 21 57 0 30
102 21 57 0 30
102 21 57 0 30
102 21 57 0 30
102 21 57 0 30
102 21 57 0 30
102 21 57 0 30
102 21 57 0 30
102 21 57 0 30
102 21 57 0 30
102 21 57 0 30
102 21 57 0 30
102 21 57 0 30
102 21 57 0 30
102 21 57 0 30
102 21 57 0 30
102 21 57 0 30
102 21 57 0 30
102 21 57 0 30
102 21 57 0 30
102 21 57 0 30
102 21 57 0 30
102 21 57 0 30
103 21 57 0 30
103 21 57 0 30
103 21 57 0 30
103 21 57 0 30
103 21 57 0 30
103 21 57 0 30
103 21 57 0 30
103 21 57 0 30
103 21 57 0 30
103 21 57 0 30
103 21 57 0 30
103 21 57 0 30
103 21 57 0 30
103 21 57 0 30
103 21 57 0 30
103 21 57 0 30
103 21 57 0 30
103 21 57 0 30
103 21 57 0 30
103 21 57 0 30
103 21 57 0 30
103 21 57 0 30
103 21 57 0 30
103 21 57 0 30
103 21 57 0 30
104 21 57 0 30
104 21 57 0 30
104 21 57 0 30
104 21 57 0 30
104 21 57 0 30
104 21 57 0 30
104 21 57 0 30
104 21 57 0 30
104 21 57 0 30
104 21 57 0 30
104 21 57 0 30
104 21 57 0 30
104 21 57 0 30
104 21 57 0 30
104 21 57 0 30
104 21 57 0 30
104 21 57 0 30
104 21 57 0 30
104 21 57 0 30
104 21 57 0 30
104 21 57 0 30
104 21 57 0 30
104 21 57 0 30
104 21 57 0 30
104 21 57 0 30
104 21 57 0 30
104 21 57 0 30
104 21 57 0 30
105 21 57 0 30
105 21 57 0 30
105 21 57 0 30
105 21 57 0 30
105 21 57 0 30
105 21 57 0 30
105 21 57 0 30
105 21 57 0 30
105 21 57 0 30
105 21 57 0 30
105 21 57 0 30
105 21 57 0 30
105 21 57 0 30
105 21 57 0 30
105 21 57 0 30
105 21 57 0 30
105 21 57 0 30
105 21 57 0 30
105 21 57 0 30
105 21 57 0 30
105 21 57 0 30
105 21 57 0 30
106 21 57 0 30
106 21 57 0 30
106 21 57 0 30
106 21 57 0 30
106 21 57 0 30
106 21 57 0 30
106 21 57 0 30
106 21 57 0 30
106 21 57 0 30
106 21 57 0 30
106 21 57 0 30
106 21 57 0 30
106 21 57 0 30
106 21 57 0 30
106 21 57 0 30
106 21 57 0 30
106 21 57 0 30
106 21 57 0 30
106 21 57 0 30
106 21 57 0 30
106 21 57 0 30
106 21 57 0 30
106 21 57 0 30
106 21 57 0 30
106 21 57 0 30
106 21 57 0 30
106 21 57 0 30
106 21 57 0 30
106 21 57 0 30
106 21 57 0 30
107 21 57 0 30
107 21 57 0 30
107 21 57 0 30
107 21 57 0 30
107 21 57 0 30
107 21 57 0 30
107 21 57 0 30
107 21 57 0 30
107 21 57 0 30
107 21 57 0 30
107 21 57 0 30
107 21 57 0 30
107 21 57 0 30
107 21 57 0 30
107 21 57 0 30
107 21 57 0 30
107 21 57 0 30
107 21 57 0 30
107 21 57 0 30
107 21 57 0 30
107 21 57 0 30
107 21 57 0 30
107 21 57 0 30
108 21 57 0 30
108 21 57 0 30
108 21 57 0 30
108 21 57 0 30
108 21 57 0 30
108 21 57 0 30
108 21 57 0 30
108 21 57 0 30
108 21 57 0 30
108 21 57 0 30
108 21 57 0 30
108 21 57 0 30
108 21 57 0 30
108 21 57 0 30
108 21 57 0 30
108 21 57 0 30
109 21 57 0 30
109 21 57 0 30
109 21 57 0 30
109 21 57 0 30
109 21 57 0 30
109 21 57 0 30
109 21 57 0 30
109 21 57 0 30
109 21 57 0 30
109 21 57 0 30
109 21 57 0 30
109 21 57 0 30
109 21 57 0 30
109 21 57 0 30
109 21 57 0 30
109 21 57 0 30
109 21 57 0 30
109 21 57 0 30
109 21 57 0 30
110 21 57 0 30
110 21 57 0 30
110 21 57 0 30
110 21 57 0 30
110 21 57 0 30
110 21 57 0 30
110 21 57 0 30
110 21 57 0 30
110 21 57 0 30
110 21 57 0 30
110 21 57 0 30
110 21 57 0 30
110 21 57 0 30
110 21 57 0 30
110 21 57 0 30
110 21 57 0 30
110 21 57 0 30
110 21 57 0 30
110 21 57 0 30
110 21 57 0 30
111 21 57 0 30
111 21 57 0 30
111 21 57 0 30
111 21 57 0 30
111 21 57 0 30
111 21 57 0 30
111 21 57 0 30
111 21 57 0 30
111 21 57 0 30
111 21 57 0 30
111 21 57 0 30
111 21 57 0 30
111 21 57 0 30
111 21 57 0 30
111 21 57 0 30
111 21 57 0 30
111 21 57 0 30
111 21 57 0 30
111 21 57 0 30
111 21 57 0 30
111 21 57 0 30
111 21 57 0 30
111 21 57 0 30
111 21 57 0 30
111 21 57 0 30
112 21 57 0 30
112 21 57 0 30
112 21 57 0 30
112 21 57 0 30
112 21 57 0 30
112 21 57 0 30
112 21 57 0 30
112 21 57 0 30
112 21 57 0 30
112 21 57 0 30
112 21 57 0 30
112 21 57 0 30
112 21 57 0 30
112 21 57 0 30
112 21 57 0 30
112 21 57 0 30
112 21 57 0 30
112 21 57 0 30
112 21 57 0 30
112 21 57 0 30
112 21 57 0 30
112 21 57 0 30
112 21 57 0 30
112 21 57 0 30
112 21 57 0 30
112 21 57 0 30
112 21 57 0 30
112 21 57 0 30
113 21 57 0 30
113 21 57 0 30
113 21 57 0 30
113 21 57 0 30
113 21 57 0 30
113 21 57 0 30
113 21 57 0 30
113 21 57 0 30
113 21 57 0 30
113 21 57 0 30
113 21 57 0 30
113 21 57 0 30
113 21 57 0 30
113 21 57 0 30
113 21 57 0 30
113 21 57 0 30
113 21 57 0 30
113 21 57 0 30
113 21 57 0 30
113 21 57 0 30
113 21 57 0 30
113 21 57 0 30
113 21 57 0 30
113 21 57 0 30
113 21 57 0 30
113 21 57 0 30
113 21 57 0 30
113 21 57 0 30
113 21 57 0 30
113 21 57 0 30
113 21 57 0 30
113 21 57 0 30
113 21 57 0 30
113 21 57 0 30
114 21 57 0 30
114 21 57 0 30
114 21 57 0 30
114 21 57 0 30
114 21 57 0 30
114 21 57 0 30
114 21 57 0 30
114 21 57 0 30
114 21 57 0 30
114 21 57 0 30
114 21 57 0 30
114 21 57 0 30
114 21 57 0 30
114 21 57 0 30
114 21 57 0 30
114 21 57 0 30
114 21 57 0 30
114 21 57 0 30
114 21 57 0 30
114 21 57 0 30
114 21 57 0 30
114 21 57 0 30
114 21 57 0 30
114 21 57 0 30
114 21 57 0 30
115 21 57 0 30
115 21 57 0 30
115 21 57 0 30
115 21 57 0 30
115 21 57 0 30
115 21 57 0 30
115 21 57 0 30
115 21 57 0 30
115 21 57 0 30
115 21 57 0 30
115 21 57 0 30
115 21 57 0 30
115 21 57 0 30
115 21 57 0 30
115 21 57 0 30
115 21 57 0 30
115 21 57 0 30
115 21 57 0 30
115 21 57 0 30
115 21 57 0 30
115 21 57 0 30
115 21 57 0 30
115 21 57 0 30
115 21 57 0 30
115 21 57 0 30
115 21 57 0 30
115 21 57 0 30
115 21 57 0 30
115 21 57 0 30
115 21 57 0 30
115 21 57 0 30
115 21 57 0 30
115 21 57 0 30
115 21 57 0 30
115 21 57 0 30
115 21 57 0 30
115 21 57 0 30
115 21 57 0 30
116 21 57 0 30
116 21 57 0 30
116 21 57 0 30
116 21 57 0 30
116 21 57 0 30
116 21 57 0 30
116 21 57 0 30
116 21 57 0 30
116 21 57 0 30
116 21 57 0 30
116 21 57 0 30
116 21 57 0 30
116 21 57 0 30
116 21 57 0 30
116 21 57 0 30
116 21 57 0 30
116 21 57 0 30
116 21 57 0 30
116 21 57 0 30
116 21 57 0 30
116 21 57 0 30
116 21 57 0 30
116 21 57 0 30
116 21 57 0 30
116 21 57 0 30
116 21 57 0 30
116 21 57 0 30
116 21 57 0 30
116 21 57 0 30
116 21 57 0 30
117 21 57 0 30
117 21 57 0 30
117 21 57 0 30
117 21 57 0 30
117 21 57 0 30
117 21 57 0 30
117 21 57 0 30
117 21 57 0 30
117 21 57 0 30
117 21 57 0 30
117 21 57 0 30
117 21 57 0 30
117 21 57 0 30
117 21 57 0 30
117 21 57 0 30
117 21 57 0 30
117 21 57 0 30
117 21 57 0 30
117 21 57 0 30
117 21 57 0 30
117 21 57 0 30
117 21 57 0 30
117 21 57 0 30
117 21 57 0 30
117 21 57 0 30
117 21 57 0 30
117 21 57 0 30
117 21 57 0 30
117 21 57 0 30
117 21 57 0 30
117 21 57 0 30
117 21 57 0 30
117 21 57 0 30
117 21 57 0 30
117 21 57 0 30
118 21 57 0 30
118 21 57 0 30
118 21 57 0 30
118 21 57 0 30
118 21 57 0 30
118 21 57 0 30
118 21 57 0 30
118 21 57 0 30
118 21 57 0 30
118 21 57 0 30
118 21 57 0 30
118 21 57 0 30
118 21 57 0 30
118 21 57 0 30
118 21 57 0 30
118 21 57 0 30
118 21 57 0 30
118 21 57 0 30
118 21 57 0 30
118 21 57 0 30
118 21 57 0 30
118 21 57 0 30
118 21 57 0 30
118 21 57 0 30
118 21 57 0 30
118 21 57 0 30
118 21 57 0 30
119 21 57 0 30
119 21 57 0 30
119 21 57 0 30
119 21 57 0 30
119 21 57 0 30
119 21 57 0 30
119 21 57 0 30
119 21 57 0 30
119 21 57 0 30
119 21 57 0 30
119 21 57 0 30
119 21 57 0 30
119 21 57 0 30
119 21 57 0 30
119 21 57 0 30
119 21 57 0 30
119 21 57 0 30
119 21 57 0 30
120 21 57 0 30
120 21 57 0 30
120 21 57 0 30
120 21 57 0 30
120 21 57 0 30
120 21 57 0 30
120 21 57 0 30
120 21 57 0 30
120 21 57 0 30
120 21 57 0 30
120 21 57 0 30
120 21 57 0 30
120 21 57 0 30
120 21 57 0 30
120 21 57 0 30
120 21 57 0 30
120 21 57 0 30
120 21 57 0 30
120 21 57 0 30
120 21 57 0 30
120 21 57 0 30
120 21 57 0 30
120 21 57 0 30
120 21 57 0 30
120 21 57 0 30
120 21 57 0 30
120 21 57 0 30
121 21 57 0 30
121 21 57 0 30
121 21 57 0 30
121 21 57 0 30
121 21 57 0 30
121 21 57 0 30
121 21 57 0 30
121 21 57 0 30
121 21 57 0 30
121 21 57 0 30
121 21 57 0 30
121 21 57 0 30
121 21 57 0 30
121 21 57 0 30
121 21 57 0 30
121 21 57 0 30
121 21 57 0 30
121 21 57 0 30
121 21 57 0 30
121 21 57 0 30
121 21 57 0 30
121 21 57 0 30
121 21 57 0 30
121 21 57 0 30
121 21 57 0 30
121 21 57 0 30
121 21 57 0 30
121 21 57 0 30
121 21 57 0 30
121 21 57 0 30
122 21 57 0 30
122 21 57 0 30
122 21 57 0 30
122 21 57 0 30
122 21 57 0 30
122 21 57 0 30
122 21 57 0 30
122 21 57 0 30
122 21 57 0 30
122 21 57 0 30
122 21 57 0 30
122 21 57 0 30
122 21 57 0 30
122 21 57 0 30
122 21 57 0 30
122 21 57 0 30
122 21 57 0 30
122 21 57 0 30
122 21 57 0 30
122 21 57 0 30
122 21 57 0 30
122 21 57 0 30
122 21 57 0 30
122 21 57 0 30
122 21 57 0 30
122 21 57 0 30
122 21 57 0 30
122 21 57 0 30
123 21 57 0 30
123 21 57 0 30
123 21 57 0 30
123 21 57 0 30
123 21 57 0 30
123 21 57 0 30
123 21 57 0 30
123 21 57 0 30
123 21 57 0 30
123 21 57 0 30
123 21 57 0 30
123 21 57 0 30
123 21 57 0 30
123 21 57 0 30
123 21 57 0 30
123 21 57 0 30
123 21 57 0 30
123 21 57 0 30
123 21 57 0 30
123 21 57 0 30
123 21 57 0 30
123 21 57 0 30
123 21 57 0 30
123 21 57 0 30
123 21 57 0 30
124 21 57 0 30
124 21 57 0 30
124 21 57 0 30
124 21 57 0 30
124 21 57 0 30
124 21 57 0 30
124 21 57 0 30
124 21 57 0 30
124 21 57 0 30
124 21 57 0 30
124 21 57 0 30
124 21 57 0 30
124 21 57 0 30
124 21 57 0 30
124 21 57 0 30
124 21 57 0 30
124 21 57 0 30
124 21 57 0 30
124 21 57 0 30
124 21 57 0 30
124 21 57 0 30
124 21 57 0 30
124 21 57 0 30
124 21 57 0 30
124 21 57 0 30
124 21 57 0 30
124 21 57 0 30
125 21 57 0 30
125 21 57 0 30
125 21 57 0 30
125 21 57 0 30
125 21 57 0 30
125 21 57 0 30
125 21 57 0 30
125 21 57 0 30
125 21 57 0 30
125 21 57 0 30
125 21 57 0 30
125 21 57 0 30
125 21 57 0 30
125 21 57 0 30
125 21 57 0 30
125 21 57 0 30
125 21 57 0 30
125 21 57 0 30
125 21 57 0 30
125 21 57 0 30
125 21 57 0 30
125 21 57 0 30
125 21 57 0 30
125 21 57 0 30
125 21 57 0 30
125 21 57 0 30
125 21 57 0 30
125 21 57 0 30
125 21 57 0 30
125 21 57 0 30
126 21 57 0 30
126 21 57 0 30
126 21 57 0 30
126 21 57 0 30
126 21 57 0 30
126 21 57 0 30
126 21 57 0 30
126 21 57 0 30
126 21 57 0 30
126 21 57 0 30
126 21 57 0 30
126 21 57 0 30
126 21 57 0 30
126 21 57 0 30
126 21 57 0 30
126 21 57 0 30
126 21 57 0 30
126 21 57 0 30
126 21 57 0 30
126 21 57 0 30
126 21 57 0 30
126 21 57 0 30
126 21 57 0 30
126 21 57 0 30
126 21 57 0 30
126 21 57 0 30
126 21 57 0 30
126 21 57 0 30
126 21 57 0 30
126 21 57 0 30
126 21 57 0 30
126 21 57 0 30
126 21 57 0 30
127 21 57 0 30
127 21 57 0 30
127 21 57 0 30
127 21 57 0 30
127 21 57 0 30
127 21 57 0 30
127 21 57 0 30
127 21 57 0 30
127 21 57 0 30
127 21 57 0 30
127 21 57 0 30
127 21 57 0 30
127 21 57 0 30
127 21 57 0 30
127 21 57 0 30
127 21 57 0 30
127 21 57 0 30
127 21 57 0 30
127 21 57 0 30
127 21 57 0 30
127 21 57 0 30
127 21 57 0 30
127 21 57 0 30
127 21 57 0 30
127 21 57 0 30
128 21 57 0 30
128 21 57 0 30
128 21 57 0 30
128 21 57 0 30
128 21 57 0 30
128 21 57 0 30
128 21 57 0 30
128 21 57 0 30
128 21 57 0 30
128 21 57 0 30
128 21 57 0 30
128 21 57 0 30
128 21 57 0 30
128 21 57 0 30
128 21 57 0 30
128 21 57 0 30
128 21 57 0 30
128 21 57 0 30
128 21 57 0 30
128 21 57 0 30
128 21 57 0 30
128 21 57 0 30
128 21 57 0 30
128 21 57 0 30
128 21 57 0 30
129 21 57 0 30
129 21 57 0 30
129 21 57 0 30
129 21 57 0 30
129 21 57 0 30
129 21 57 0 30
129 21 57 0 30
129 21 57 0 30
129 21 57 0 30
129 21 57 0 30
129 21 57 0 30
129 21 57 0 30
129 21 57 0 30
129 21 57 0 30
129 21 57 0 30
129 21 57 0 30
129 21 57 0 30
129 21 57 0 30
129 21 57 0 30
129 21 57 0 30
129 21 57 0 30
129 21 57 0 30
129 21 57 0 30
129 21 57 0 30
129 21 57 0 30
129 21 57 0 30
129 21 57 0 30
129 21 57 0 30
129 21 57 0 30
129 21 57 0 30
129 21 57 0 30
129 21 57 0 30
129 21 57 0 30
129 21 57 0 30
129 21 57 0 30
130 21 57 0 30
130 21 57 0 30
130 21 57 0 30
130 21 57 0 30
130 21 57 0 30
130 21 57 0 30
130 21 57 0 30
130 21 57 0 30
130 21 57 0 30
130 21 57 0 30
130 21 57 0 30
130 21 57 0 30
130 21 57 0 30
130 21 57 0 30
130 21 57 0 30
130 21 57 0 30
130 21 57 0 30
130 21 57 0 30
130 21 57 0 30
130 21 57 0 30
130 21 57 0 30
130 21 57 0 30
130 21 57 0 30
130 21 57 0 30
130 21 57 0 30
130 21 57 0 30
130 21 57 0 30
130 21 57 0 30
130 21 57 0 30
130 21 57 0 30
130 21 57 0 30
130 21 57 0 30
131 21 57 0 30
131 21 57 0 30
131 21 57 0 30
131 21 57 0 30
131 21 57 0 30
131 21 57 0 30
131 21 57 0 30
131 21 57 0 30
131 21 57 0 30
131 21 57 0 30
131 21 57 0 30
131 21 57 0 30
131 21 57 0 30
131 21 57 0 30
131 21 57 0 30
131 21 57 0 30
131 21 57 0 30
131 21 57 0 30
131 21 57 0 30
131 21 57 0 30
131 21 57 0 30
131 21 57 0 30
131 21 57 0 30
131 21 57 0 30
131 21 57 0 30
131 21 57 0 30
131 21 57 0 30
131 21 57 0 30
132 21 57 0 30
132 21 57 0 30
132 21 57 0 30
132 21 57 0 30
132 21 57 0 30
132 21 57 0 30
132 21 57 0 30
132 21 57 0 30
132 21 57 0 30
132 21 57 0 30
132 21 57 0 30
132 21 57 0 30
132 21 57 0 30
132 21 57 0 30
132 21 57 0 30
132 21 57 0 30
132 21 57 0 30
132 21 57 0 30
132 21 57 0 30
132 21 57 0 30
132 21 57 0 30
132 21 57 0 30
132 21 57 0 30
132 21 57 0 30
132 21 57 0 30
133 21 57 0 30
133 21 57 0 30
133 21 57 0 30
133 21 57 0 30
133 21 57 0 30
133 21 57 0 30
133 21 57 0 30
133 21 57 0 30
133 21 57 0 30
133 21 57 0 30
133 21 57 0 30
133 21 57 0 30
133 21 57 0 30
133 21 57 0 30
133 21 57 0 30
133 21 57 0 30
133 21 57 0 30
133 21 57 0 30
133 21 57 0 30
133 21 57 0 30
133 21 57 0 30
133 21 57 0 30
133 21 57 0 30
133 21 57 0 30
133 21 57 0 30
133 21 57 0 30
133 21 57 0 30
133 21 57 0 30
133 21 57 0 30
133 21 57 0 30
134 21 57 0 30
134 21 57 0 30
134 21 57 0 30
134 21 57 0 30
134 21 57 0 30
134 21 57 0 30
134 21 57 0 30
134 21 57 0 30
134 21 57 0 30
134 21 57 0 30
134 21 57 0 30
134 21 57 0 30
134 21 57 0 30
134 21 57 0 30
134 21 57 0 30
134 21 57 0 30
134 21 57 0 30
134 21 57 0 30
134 21 57 0 30
134 21 57 0 30
134 21 57 0 30
134 21 57 0 30
134 21 57 0 30
134 21 57 0 30
134 21 57 0 30
134 21 57 0 30
134 21 57 0 30
134 21 57 0 30
134 21 57 0 30
134 21 57 0 30
135 21 57 0 30
135 21 57 0 30
135 21 57 0 30
135 21 57 0 30
135 21 57 0 30
135 21 57 0 30
135 21 57 0 30
135 21 57 0 30
135 21 57 0 30
135 21 57 0 30
135 21 57 0 30
135 21 57 0 30
135 21 57 0 30
135 21 57 0 30
135 21 57 0 30
135 21 57 0 30
135 21 57 0 30
135 21 57 0 30
135 21 57 0 30
135 21 57 0 30
135 21 57 0 30
135 21 57 0 30
135 21 57 0 30
135 21 57 0 30
135 21 57 0 30
135 21 57 0 30
135 21 57 0 30
136 21 57 0 30
136 21 57 0 30
136 21 57 0 30
136 21 57 0 30
136 21 57 0 30
136 21 57 0 30
136 21 57 0 30
136 21 57 0 30
136 21 57 0 30
136 21 57 0 30
136 21 57 0 30
136 21 57 0 30
136 21 57 0 30
136 21 57 0 30
136 21 57 0 30
136 21 57 0 30
136 21 57 0 30
136 21 57 0 30
136 21 57 0 30
136 21 57 0 30
137 21 57 0 30
137 21 57 0 30
137 21 57 0 30
137 21 57 0 30
137 21 57 0 30
137 21 57 0 30
137 21 57 0 30
137 21 57 0 30
137 21 57 0 30
137 21 57 0 30
137 21 57 0 30
137 21 57 0 30
137 21 57 0 30
137 21 57 0 30
137 21 57 0 30
137 21 57 0 30
137 21 57 0 30
137 21 57 0 30
137 21 57 0 30
137 21 57 0 30
137 21 57 0 30
137 21 57 0 30
137 21 57 0 30
137 21 57 0 30
137 21 57 0 30
137 21 57 0 30
137 21 57 0 30
137 21 57 0 30
137 21 57 0 30
137 21 57 0 30
137 21 57 0 30
137 21 57 0 30
137 21 57 0 30
138 21 57 0 30
138 21 57 0 30
138 21 57 0 30
138 21 57 0 30
138 21 57 0 30
138 21 57 0 30
138 21 57 0 30
138 21 57 0 30
138 21 57 0 30
138 21 57 0 30
138 21 57 0 30
138 21 57 0 30
138 21 57 0 30
138 21 57 0 30
138 21 57 0 30
138 21 57 0 30
138 21 57 0 30
138 21 57 0 30
138 21 57 0 30
138 21 57 0 30
138 21 57 0 30
138 21 57 0 30
138 21 57 0 30
138 21 57 0 30
138 21 57 0 30
138 21 57 0 30
138 21 57 0 30
139 21 57 0 30
139 21 57 0 30
139 21 57 0 30
139 21 57 0 30
139 21 57 0 30
139 21 57 0 30
139 21 57 0 30
139 21 57 0 30
139 21 57 0 30
139 21 57 0 30
139 21 57 0 30
139 21 57 0 30
139 21 57 0 30
139 21 57 0 30
139 21 57 0 30
139 21 57 0 30
139 21 57 0 30
139 21 57 0 30
139 21 57 0 30
139 21 57 0 30
139 21 57 0 30
139 21 57 0 30
139 21 57 0 30
139 21 57 0 30
139 21 57 0 30
139 21 57 0 30
139 21 57 0 30
139 21 57 0 30
140 21 57 0 30
140 21 57 0 30
140 21 57 0 30
140 21 57 0 30
140 21 57 0 30
140 21 57 0 30
140 21 57 0 30
140 21 57 0 30
140 21 57 0 30
140 21 57 0 30
140 21 57 0 30
140 21 57 0 30
140 21 57 0 30
140 21 57 0 30
140 21 57 0 30
140 21 57 0 30
140 21 57 0 30
140 21 57 0 30
140 21 57 0 30
140 21 57 0 30
140 21 57 0 30
140 21 57 0 30
140 21 57 0 30
140 21 57 0 30
140 21 57 0 30
141 21 57 0 30
141 21 57 0 30
141 21 57 0 30
141 21 57 0 30
141 21 57 0 30
141 21 57 0 30
141 21 57 0 30
141 21 57 0 30
141 21 57 0 30
141 21 57 0 30
141 21 57 0 30
141 21 57 0 30
141 21 57 0 30
141 21 57 0 30
141 21 57 0 30
141 21 57 0 30
141 21 57 0 30
141 21 57 0 30
141 21 57 0 30
141 21 57 0 30
141 21 57 0 30
141 21 57 0 30
141 21 57 0 30
141 21 57 0 30
141 21 57 0 30
141 21 57 0 30
141 21 57 0 30
141 21 57 0 30
141 21 57 0 30
141 21 57 0 30
141 21 57 0 30
141 21 57 0 30
141 21 57 0 30
141 21 57 0 30
141 21 57 0 30
142 21 57 0 30
142 21 57 0 30
142 21 57 0 30
142 21 57 0 30
142 21 57 0 30
142 21 57 0 30
142 21 57 0 30
142 21 57 0 30
142 21 57 0 30
142 21 57 0 30
142 21 57 0 30
142 21 57 0 30
142 21 57 0 30
142 21 57 0 30
142 21 57 0 30
142 21 57 0 30
142 21 57 0 30
142 21 57 0 30
142 21 57 0 30
142 21 57 0 30
143 21 57 0 30
143 21 57 0 30
143 21 57 0 30
143 21 57 0 30
143 21 57 0 30
143 21 57 0 30
143 21 57 0 30
143 21 57 0 30
143 21 57 0 30
143 21 57 0 30
143 21 57 0 30
143 21 57 0 30
143 21 57 0 30
143 21 57 0 30
143 21 57 0 30
143 21 57 0 30
143 21 57 0 30
143 21 57 0 30
143 21 57 0 30
143 21 57 0 30
143 21 57 0 30
143 21 57 0 30
144 21 57 0 30
144 21 57 0 30
144 21 57 0 30
144 21 57 0 30
144 21 57 0 30
144 21 57 0 30
144 21 57 0 30
144 21 57 0 30
144 21 57 0 30
144 21 57 0 30
144 21 57 0 30
144 21 57 0 30
144 21 57 0 30
144 21 57 0 30
144 21 57 0 30
144 21 57 0 30
144 21 57 0 30
144 21 57 0 30
144 21 57 0 30
144 21 57 0 30
144 21 57 0 30
144 21 57 0 30
144 21 57 0 30
144 21 57 0 30
144 21 57 0 30
144 21 57 0 30
144 21 57 0 30
144 21 57 0 30
144 21 57 0 30
144 21 57 0 30
144 21 57 0 30
144 21 57 0 30
144 21 57 0 30
144 21 57 0 30
144 21 57 0 30
144 21 57 0 30
144 21 57 0 30
144 21 57 0 30
144 21 57 0 30
144 21 57 0 30
145 21 57 0 30
145 21 57 0 30
145 21 57 0 30
145 21 57 0 30
145 21 57 0 30
145 21 57 0 30
145 21 57 0 30
145 21 57 0 30
145 21 57 0 30
145 21 57 0 30
145 21 57 0 30
145 21 57 0 30
145 21 57 0 30
145 21 57 0 30
145 21 57 0 30
145 21 57 0 30
145 21 57 0 30
145 21 57 0 30
145 21 57 0 30
145 21 57 0 30
145 21 57 0 30
145 21 57 0 30
145 21 57 0 30
145 21 57 0 30
145 21 57 0 30
145 21 57 0 30
145 21 57 0 30
145 21 57 0 30
145 21 57 0 30
145 21 57 0 30
145 21 57 0 30
145 21 57 0 30
145 21 57 0 30
145 21 57 0 30
145 21 57 0 30
145 21 57 0 30
145 21 57 0 30
145 21 57 0 30
145 21 57 0 30
145 21 57 0 30
146 21 57 0 30
146 21 57 0 30
146 21 57 0 30
146 21 57 0 30
146 21 57 0 30
146 21 57 0 30
146 21 57 0 30
146 21 57 0 30
146 21 57 0 30
146 21 57 0 30
146 21 57 0 30
146 21 57 0 30
146 21 57 0 30
146 21 57 0 30
146 21 57 0 30
146 21 57 0 30
146 21 57 0 30
146 21 57 0 30
146 21 57 0 30
146 21 57 0 30
146 21 57 0 30
146 21 57 0 30
146 21 57 0 30
146 21 57 0 30
146 21 57 0 30
146 21 57 0 30
146 21 57 0 30
146 21 57 0 30
146 21 57 0 30
146 21 57 0 30
146 21 57 0 30
146 21 57 0 30
146 21 57 0 30
147 21 57 0 30
147 21 57 0 30
147 21 57 0 30
147 21 57 0 30
147 21 57 0 30
147 21 57 0 30
147 21 57 0 30
147 21 57 0 30
147 21 57 0 30
147 21 57 0 30
147 21 57 0 30
147 21 57 0 30
147 21 57 0 30
147 21 57 0 30
147 21 57 0 30
147 21 57 0 30
147 21 57 0 30
147 21 57 0 30
147 21 57 0 30
147 21 57 0 30
147 21 57 0 30
147 21 57 0 30
147 21 57 0 30
147 21 57 0 30
147 21 57 0 30
147 21 57 0 30
147 21 57 0 30
147 21 57 0 30
147 21 57 0 30
147 21 57 0 30
148 21 57 0 30
148 21 57 0 30
148 21 57 0 30
148 21 57 0 30
148 21 57 0 30
148 21 57 0 30
148 21 57 0 30
148 21 57 0 30
148 21 57 0 30
148 21 57 0 30
148 21 57 0 30
148 21 57 0 30
148 21 57 0 30
148 21 57 0 30
148 21 57 0 30
148 21 57 0 30
148 21 57 0 30
148 21 57 0 30
148 21 57 0 30
148 21 57 0 30
148 21 57 0 30
148 21 57 0 30
148 21 57 0 30
148 21 57 0 30
148 21 57 0 30
148 21 57 0 30
148 21 57 0 30
148 21 57 0 30
148 21 57 0 30
148 21 57 0 30
149 21 57 0 30
149 21 57 0 30
149 21 57 0 30
149 21 57 0 30
149 21 57 0 30
149 21 57 0 30
149 21 57 0 30
149 21 57 0 30
149 21 57 0 30
149 21 57 0 30
149 21 57 0 30
149 21 57 0 30
149 21 57 0 30
149 21 57 0 30
149 21 57 0 30
149 21 57 0 30
149 21 57 0 30
149 21 57 0 30
149 21 57 0 30
149 21 57 0 30
149 21 57 0 30
149 21 57 0 30
149 21 57 0 30
149 21 57 0 30
149 21 57 0 30
149 21 57 0 30
149 21 57 0 30
150 21 57 0 30
150 21 57 0 30
150 21 57 0 30
150 21 57 0 30
150 21 57 0 30
150 21 57 0 30
150 21 57 0 30
150 21 57 0 30
150 21 57 0 30
150 21 57 0 30
150 21 57 0 30
150 21 57 0 30
150 21 57 0 30
150 21 57 0 30
150 21 57 0 30
150 21 57 0 30
150 21 57 0 30
150 21 57 0 30
150 21 57 0 30
150 21 57 0 30
151 21 57 0 30
151 21 57 0 30
151 21 57 0 30
151 21 57 0 30
151 21 57 0 30
151 21 57 0 30
151 21 57 0 30
151 21 57 0 30
151 21 57 0 30
151 21 57 0 30
151 21 57 0 30
151 21 57 0 30
151 21 57 0 30
151 21 57 0 30
151 21 57 0 30
151 21 57 0 30
151 21 57 0 30
151 21 57 0 30
151 21 57 0 30
151 21 57 0 30
151 21 57 0 30
151 21 57 0 30
151 21 57 0 30
151 21 57 0 30
151 21 57 0 30
151 21 57 0 30
151 21 57 0 30
151 21 57 0 30
151 21 57 0 30
151 21 57 0 30
151 21 57 0 30
151 21 57 0 30
151 21 57 0 30
151 21 57 0 30
151 21 57 0 30
151 21 57 0 30
151 21 57 0 30
151 21 57 0 30
152 21 57 0 30
152 21 57 0 30
152 21 57 0 30
152 21 57 0 30
152 21 57 0 30
152 21 57 0 30
152 21 57 0 30
152 21 57 0 30
152 21 57 0 30
152 21 57 0 30
152 21 57 0 30
152 21 57 0 30
152 21 57 0 30
152 21 57 0 30
152 21 57 0 30
152 21 57 0 30
152 21 57 0 30
152 21 57 0 30
152 21 57 0 30
152 21 57 0 30
152 21 57 0 30
152 21 57 0 30
152 21 57 0 30
152 21 57 0 30
152 21 57 0 30
152 21 57 0 30
152 21 57 0 30
152 21 57 0 30
152 21 57 0 30
152 21 57 0 30
152 21 57 0 30
152 21 57 0 30
152 21 57 0 30
152 21 57 0 30
152 21 57 0 30
152 21 57 0 30
152 21 57 0 30
152 21 57 0 30
152 21 57 0 30
152 21 57 0 30
153 21 57 0 30
153 21 57 0 30
153 21 57 0 30
153 21 57 0 30
153 21 57 0 30
153 21 57 0 30
153 21 57 0 30
153 21 57 0 30
153 21 57 0 30
153 21 57 0 30
153 21 57 0 30
153 21 57 0 30
153 21 57 0 30
153 21 57 0 30
153 21 57 0 30
153 21 57 0 30
153 21 57 0 30
153 21 57 0 30
153 21 57 0 30
153 21 57 0 30
153 21 57 0 30
153 21 57 0 30
153 21 57 0 30
153 21 57 0 30
153 21 57 0 30
153 21 57 0 30
153 21 57 0 30
153 21 57 0 30
153 21 57 0 30
153 21 57 0 30
153 21 57 0 30
153 21 57 0 30
153 21 57 0 30
153 21 57 0 30
153 21 57 0 30
153 21 57 0 30
153 21 57 0 30
153 21 57 0 30
153 21 57 0 30
153 21 57 0 30
153 21 57 0 30
153 21 57 0 30
153 21 57 0 30
153 21 57 0 30
153 21 57 0 30
153 21 57 0 30
153 21 57 0 30
153 21 57 0 30
153 21 57 0 30
153 21 57 0 30
154 21 57 0 30
154 21 57 0 30
154 21 57 0 30
154 21 57 0 30
154 21 57 0 30
154 21 57 0 30
154 21 57 0 30
154 21 57 0 30
154 21 57 0 30
154 21 57 0 30
154 21 57 0 30
154 21 57 0 30
154 21 57 0 30
154 21 57 0 30
154 21 57 0 30
154 21 57 0 30
154 21 57 0 30
154 21 57 0 30
154 21 57 0 30
154 21 57 0 30
154 21 57 0 30
154 21 57 0 30
154 21 57 0 30
154 21 57 0 30
154 21 57 0 30
154 21 57 0 30
154 21 57 0 30
154 21 57 0 30
154 21 57 0 30
154 21 57 0 30
154 21 57 0 30
154 21 57 0 30
154 21 57 0 30
154 21 57 0 30
154 21 57 0 30
154 21 57 0 30
154 21 57 0 30
154 21 57 0 30
154 21 57 0 30
154 21 57 0 30
155 21 57 0 30
155 21 57 0 30
155 21 57 0 30
155 21 57 0 30
155 21 57 0 30
155 21 57 0 30
155 21 57 0 30
155 21 57 0 30
155 21 57 0 30
155 21 57 0 30
155 21 57 0 30
155 21 57 0 30
155 21 57 0 30
155 21 57 0 30
155 21 57 0 30
155 21 57 0 30
155 21 57 0 30
155 21 57 0 30
155 21 57 0 30
155 21 57 0 30
155 21 57 0 30
155 21 57 0 30
155 21 57 0 30
155 21 57 0 30
155 21 57 0 30
155 21 57 0 30
155 21 57 0 30
155 21 57 0 30
155 21 57 0 30
155 21 57 0 30
156 21 57 0 30
156 21 57 0 30
156 21 57 0 30
156 21 57 0 30
156 21 57 0 30
156 21 57 0 30
156 21 57 0 30
156 21 57 0 30
156 21 57 0 30
156 21 57 0 30
156 21 57 0 30
156 21 57 0 30
156 21 57 0 30
156 21 57 0 30
156 21 57 0 30
156 21 57 0 30
156 21 57 0 30
156 21 57 0 30
156 21 57 0 30
156 21 57 0 30
157 21 57 0 30
157 21 57 0 30
157 21 57 0 30
157 21 57 0 30
157 21 57 0 30
157 21 57 0 30
157 21 57 0 30
157 21 57 0 30
157 21 57 0 30
157 21 57 0 30
157 21 57 0 30
157 21 57 0 30
157 21 57 0 30
157 21 57 0 30
157 21 57 0 30
157 21 57 0 30
157 21 57 0 30
157 21 57 0 30
157 21 57 0 30
157 21 57 0 30
157 21 57 0 30
157 21 57 0 30
157 21 57 0 30
157 21 57 0 30
157 21 57 0 30
158 21 57 0 30
158 21 57 0 30
158 21 57 0 30
158 21 57 0 30
158 21 57 0 30
158 21 57 0 30
158 21 57 0 30
158 21 57 0 30
158 21 57 0 30
158 21 57 0 30
158 21 57 0 30
158 21 57 0 30
158 21 57 0 30
158 21 57 0 30
158 21 57 0 30
158 21 57 0 30
158 21 57 0 30
158 21 57 0 30
158 21 57 0 30
158 21 57 0 30
158 21 57 0 30
158 21 57 0 30
158 21 57 0 30
158 21 57 0 30
158 21 57 0 30
158 21 57 0 30
158 21 57 0 30
158 21 57 0 30
158 21 57 0 30
158 21 57 0 30
159 21 57 0 30
159 21 57 0 30
159 21 57 0 30
159 21 57 0 30
159 21 57 0 30
159 21 57 0 30
159 21 57 0 30
159 21 57 0 30
159 21 57 0 30
159 21 57 0 30
159 21 57 0 30
159 21 57 0 30
159 21 57 0 30
159 21 57 0 30
159 21 57 0 30
159 21 57 0 30
159 21 57 0 30
159 21 57 0 30
159 21 57 0 30
159 21 57 0 30
159 21 57 0 30
159 21 57 0 30
160 21 57 0 30
160 21 57 0 30
160 21 57 0 30
160 21 57 0 30
160 21 57 0 30
160 21 57 0 30
160 21 57 0 30
160 21 57 0 30
160 21 57 0 30
160 21 57 0 30
160 21 57 0 30
160 21 57 0 30
160 21 57 0 30
160 21 57 0 30
160 21 57 0 30
160 21 57 0 30
160 21 57 0 30
160 21 57 0 30
160 21 57 0 30
160 21 57 0 30
160 21 57 0 30
160 21 57 0 30
160 21 57 0 30
161 21 57 0 30
161 21 57 0 30
161 21 57 0 30
161 21 57 0 30
161 21 57 0 30
161 21 57 0 30
161 21 57 0 30
161 21 57 0 30
161 21 57 0 30
161 21 57 0 30
161 21 57 0 30
161 21 57 0 30
161 21 57 0 30
161 21 57 0 30
161 21 57 0 30
161 21 57 0 30
161 21 57 0 30
161 21 57 0 30
161 21 57 0 30
161 21 57 0 30
161 21 57 0 30
161 21 57 0 30
161 21 57 0 30
161 21 57 0 30
161 21 57 0 30
161 21 57 0 30
161 21 57 0 30
162 21 57 0 30
162 21 57 0 30
162 21 57 0 30
162 21 57 0 30
162 21 57 0 30
162 21 57 0 30
162 21 57 0 30
162 21 57 0 30
162 21 57 0 30
162 21 57 0 30
162 21 57 0 30
162 21 57 0 30
162 21 57 0 30
162 21 57 0 30
162 21 57 0 30
162 21 57 0 30
162 21 57 0 30
162 21 57 0 30
162 21 57 0 30
162 21 57 0 30
162 21 57 0 30
162 21 57 0 30
162 21 57 0 30
162 21 57 0 30
162 21 57 0 30
163 21 57 0 30
163 21 57 0 30
163 21 57 0 30
163 21 57 0 30
163 21 57 0 30
163 21 57 0 30
163 21 57 0 30
163 21 57 0 30
163 21 57 0 30
163 21 57 0 30
163 21 57 0 30
163 21 57 0 30
163 21 57 0 30
163 21 57 0 30
163 21 57 0 30
163 21 57 0 30
163 21 57 0 30
163 21 57 0 30
163 21 57 0 30
163 21 57 0 30
164 21 57 0 30
164 21 57 0 30
164 21 57 0 30
164 21 57 0 30
164 21 57 0 30
164 21 57 0 30
164 21 57 0 30
164 21 57 0 30
164 21 57 0 30
164 21 57 0 30
164 21 57 0 30
164 21 57 0 30
164 21 57 0 30
164 21 57 0 30
164 21 57 0 30
164 21 57 0 30
164 21 57 0 30
164 21 57 0 30
164 21 57 0 30
164 21 57 0 30
164 21 57 0 30
164 21 57 0 30
164 21 57 0 30
165 21 57 0 30
165 21 57 0 30
165 21 57 0 30
165 21 57 0 30
165 21 57 0 30
165 21 57 0 30
165 21 57 0 30
165 21 57 0 30
165 21 57 0 30
165 21 57 0 30
165 21 57 0 30
165 21 57 0 30
165 21 57 0 30
165 21 57 0 30
165 21 57 0 30
165 21 57 0 30
165 21 57 0 30
165 21 57 0 30
165 21 57 0 30
165 21 57 0 30
165 21 57 0 30
165 21 57 0 30
165 21 57 0 30
165 21 57 0 30
165 21 57 0 30
165 21 57 0 30
165 21 57 0 30
165 21 57 0 30
165 21 57 0 30
165 21 57 0 30
166 21 57 0 30
166 21 57 0 30
166 21 57 0 30
166 21 57 0 30
166 21 57 0 30
166 21 57 0 30
166 21 57 0 30
166 21 57 0 30
166 21 57 0 30
166 21 57 0 30
166 21 57 0 30
166 21 57 0 30
166 21 57 0 30
166 21 57 0 30
166 21 57 0 30
166 21 57 0 30
166 21 57 0 30
166 21 57 0 30
166 21 57 0 30
166 21 57 0 30
167 21 57 0 30
167 21 57 0 30
167 21 57 0 30
167 21 57 0 30
167 21 57 0 30
167 21 57 0 30
167 21 57 0 30
167 21 57 0 30
167 21 57 0 30
167 21 57 0 30
167 21 57 0 30
167 21 57 0 30
167 21 57 0 30
167 21 57 0 30
167 21 57 0 30
167 21 57 0 30
167 21 57 0 30
167 21 57 0 30
167 21 57 0 30
167 21 57 0 30
167 21 57 0 30
167 21 57 0 30
167 21 57 0 30
167 21 57 0 30
167 21 57 0 30
167 21 57 0 30
167 21 57 0 30
168 21 57 0 30
168 21 57 0 30
168 21 57 0 30
168 21 57 0 30
168 21 57 0 30
168 21 57 0 30
168 21 57 0 30
168 21 57 0 30
168 21 57 0 30
168 21 57 0 30
168 21 57 0 30
168 21 57 0 30
168 21 57 0 30
168 21 57 0 30
168 21 57 0 30
168 21 57 0 30
168 21 57 0 30
168 21 57 0 30
168 21 57 0 30
168 21 57 0 30
168 21 57 0 30
168 21 57 0 30
168 21 57 0 30
168 21 57 0 30
168 21 57 0 30
168 21 57 0 30
168 21 57 0 30
168 21 57 0 30
169 21 57 0 30
169 21 57 0 30
169 21 57 0 30
169 21 57 0 30
169 21 57 0 30
169 21 57 0 30
169 21 57 0 30
169 21 57 0 30
169 21 57 0 30
169 21 57 0 30
169 21 57 0 30
169 21 57 0 30
169 21 57 0 30
169 21 57 0 30
169 21 57 0 30
169 21 57 0 30
169 21 57 0 30
169 21 57 0 30
169 21 57 0 30
169 21 57 0 30
169 21 57 0 30
169 21 57 0 30
170 21 57 0 30
170 21 57 0 30
170 21 57 0 30
170 21 57 0 30
170 21 57 0 30
170 21 57 0 30
170 21 57 0 30
170 21 57 0 30
170 21 57 0 30
170 21 57 0 30
170 21 57 0 30
170 21 57 0 30
170 21 57 0 30
170 21 57 0 30
170 21 57 0 30
170 21 57 0 30
170 21 57 0 30
170 21 57 0 30
170 21 57 0 30
170 21 57 0 30
170 21 57 0 30
170 21 57 0 30
170 21 57 0 30
171 21 57 0 30
171 21 57 0 30
171 21 57 0 30
171 21 57 0 30
171 21 57 0 30
171 21 57 0 30
171 21 57 0 30
171 21 57 0 30
171 21 57 0 30
171 21 57 0 30
171 21 57 0 30
171 21 57 0 30
171 21 57 0 30
171 21 57 0 30
171 21 57 0 30
171 21 57 0 30
171 21 57 0 30
171 21 57 0 30
171 21 57 0 30
171 21 57 0 30
171 21 57 0 30
171 21 57 0 30
171 21 57 0 30
171 21 57 0 30
171 21 57 0 30
171 21 57 0 30
171 21 57 0 30
171 21 57 0 30
171 21 57 0 30
171 21 57 0 30
171 21 57 0 30
171 21 57 0 30
171 21 57 0 30
172 21 57 0 30
172 21 57 0 30
172 21 57 0 30
172 21 57 0 30
172 21 57 0 30
172 21 57 0 30
172 21 57 0 30
172 21 57 0 30
172 21 57 0 30
172 21 57 0 30
172 21 57 0 30
172 21 57 0 30
172 21 57 0 30
172 21 57 0 30
172 21 57 0 30
172 21 57 0 30
172 21 57 0 30
172 21 57 0 30
172 21 57 0 30
172 21 57 0 30
172 21 57 0 30
172 21 57 0 30
172 21 57 0 30
172 21 57 0 30
172 21 57 0 30
172 21 57 0 30
173 21 57 0 30
173 21 57 0 30
173 21 57 0 30
173 21 57 0 30
173 21 57 0 30
173 21 57 0 30
173 21 57 0 30
173 21 57 0 30
173 21 57 0 30
173 21 57 0 30
173 21 57 0 30
173 21 57 0 30
173 21 57 0 30
173 21 57 0 30
173 21 57 0 30
173 21 57 0 30
173 21 57 0 30
173 21 57 0 30
173 21 57 0 30
173 21 57 0 30
173 21 57 0 30
173 21 57 0 30
173 21 57 0 30
173 21 57 0 30
173 21 57 0 30
173 21 57 0 30
173 21 57 0 30
173 21 57 0 30
173 21 57 0 30
173 21 57 0 30
173 21 57 0 30
173 21 57 0 30
173 21 57 0 30
174 21 57 0 30
174 21 57 0 30
174 21 57 0 30
174 21 57 0 30
174 21 57 0 30
174 21 57 0 30
174 21 57 0 30
174 21 57 0 30
174 21 57 0 30
174 21 57 0 30
174 21 57 0 30
174 21 57 0 30
174 21 57 0 30
174 21 57 0 30
174 21 57 0 30
174 21 57 0 30
174 21 57 0 30
174 21 57 0 30
174 21 57 0 30
174 21 57 0 30
174 21 57 0 30
174 21 57 0 30
174 21 57 0 30
174 21 57 0 30
174 21 57 0 30
174 21 57 0 30
174 21 57 0 30
174 21 57 0 30
174 21 57 0 30
174 21 57 0 30
175 21 57 0 30
175 21 57 0 30
175 21 57 0 30
175 21 57 0 30
175 21 57 0 30
175 21 57 0 30
175 21 57 0 30
175 21 57 0 30
175 21 57 0 30
175 21 57 0 30
175 21 57 0 30
175 21 57 0 30
175 21 57 0 30
175 21 57 0 30
175 21 57 0 30
175 21 57 0 30
175 21 57 0 30
175 21 57 0 30
175 21 57 0 30
175 21 57 0 30
176 21 57 0 30
176 21 57 0 30
176 21 57 0 30
176 21 57 0 30
176 21 57 0 30
176 21 57 0 30
176 21 57 0 30
176 21 57 0 30
176 21 57 0 30
176 21 57 0 30
176 21 57 0 30
176 21 57 0 30
176 21 57 0 30
176 21 57 0 30
176 21 57 0 30
176 21 57 0 30
176 21 57 0 30
176 21 57 0 30
176 21 57 0 30
176 21 57 0 30
176 21 57 0 30
176 21 57 0 30
176 21 57 0 30
176 21 57 0 30
176 21 57 0 30
176 21 57 0 30
176 21 57 0 30
176 21 57 0 30
176 21 57 0 30
176 21 57 0 30
177 21 57 0 30
177 21 57 0 30
177 21 57 0 30
177 21 57 0 30
177 21 57 0 30
177 21 57 0 30
177 21 57 0 30
177 21 57 0 30
177 21 57 0 30
177 21 57 0 30
177 21 57 0 30
177 21 57 0 30
177 21 57 0 30
177 21 57 0 30
177 21 57 0 30
177 21 57 0 30
177 21 57 0 30
177 21 57 0 30
177 21 57 0 30
177 21 57 0 30
177 21 57 0 30
177 21 57 0 30
177 21 57 0 30
178 21 57 0 30
178 21 57 0 30
178 21 57 0 30
178 21 57 0 30
178 21 57 0 30
178 21 57 0 30
178 21 57 0 30
178 21 57 0 30
178 21 57 0 30
178 21 57 0 30
178 21 57 0 30
178 21 57 0 30
178 21 57 0 30
178 21 57 0 30
178 21 57 0 30
178 21 57 0 30
178 21 57 0 30
178 21 57 0 30
178 21 57 0 30
178 21 57 0 30
179 21 57 0 30
179 21 57 0 30
179 21 57 0 30
179 21 57 0 30
179 21 57 0 30
179 21 57 0 30
179 21 57 0 30
179 21 57 0 30
179 21 57 0 30
179 21 57 0 30
179 21 57 0 30
179 21 57 0 30
179 21 57 0 30
179 21 57 0 30
179 21 57 0 30
179 21 57 0 30
179 21 57 0 30
179 21 57 0 30
179 21 57 0 30
179 21 57 0 30
179 21 57 0 30
179 21 57 0 30
180 21 57 0 30
180 21 57 0 30
180 21 57 0 30
180 21 57 0 30
180 21 57 0 30
180 21 57 0 30
180 21 57 0 30
180 21 57 0 30
180 21 57 0 30
180 21 57 0 30
180 21 57 0 30
180 21 57 0 30
180 21 57 0 30
180 21 57 0 30
180 21 57 0 30
180 21 57 0 30
180 21 57 0 30
180 21 57 0 30
180 21 57 0 30
180 21 57 0 30
180 21 57 0 30
180 21 57 0 30
180 21 57 0 30
180 21 57 0 30
180 21 57 0 30
180 21 57 0 30
180 21 57 0 30
180 21 57 0 30
180 21 57 0 30
180 21 57 0 30
181 21 57 0 30
181 21 57 0 30
181 21 57 0 30
181 21 57 0 30
181 21 57 0 30
181 21 57 0 30
181 21 57 0 30
181 21 57 0 30
181 21 57 0 30
181 21 57 0 30
181 21 57 0 30
181 21 57 0 30
181 21 57 0 30
181 21 57 0 30
181 21 57 0 30
181 21 57 0 30
181 21 57 0 30
181 21 57 0 30
182 21 57 0 30
182 21 57 0 30
182 21 57 0 30
182 21 57 0 30
182 21 57 0 30
182 21 57 0 30
182 21 57 0 30
182 21 57 0 30
182 21 57 0 30
182 21 57 0 30
182 21 57 0 30
182 21 57 0 30
182 21 57 0 30
182 21 57 0 30
182 21 57 0 30
182 21 57 0 30
182 21 57 0 30
182 21 57 0 30
182 21 57 0 30
182 21 57 0 30
182 21 57 0 30
182 21 57 0 30
182 21 57 0 30
182 21 57 0 30
182 21 57 0 30
182 21 57 0 30
182 21 57 0 30
182 21 57 0 30
182 21 57 0 30
182 21 57 0 30
183 21 57 0 30
183 21 57 0 30
183 21 57 0 30
183 21 57 0 30
183 21 57 0 30
183 21 57 0 30
183 21 57 0 30
183 21 57 0 30
183 21 57 0 30
183 21 57 0 30
183 21 57 0 30
183 21 57 0 30
183 21 57 0 30
183 21 57 0 30
183 21 57 0 30
183 21 57 0 30
183 21 57 0 30
183 21 57 0 30
183 21 57 0 30
183 21 57 0 30
183 21 57 0 30
184 21 57 0 30
184 21 57 0 30
184 21 57 0 30
184 21 57 0 30
184 21 57 0 30
184 21 57 0 30
184 21 57 0 30
184 21 57 0 30
184 21 57 0 30
184 21 57 0 30
184 21 57 0 30
184 21 57 0 30
184 21 57 0 30
184 21 57 0 30
184 21 57 0 30
184 21 57 0 30
184 21 57 0 30
184 21 57 0 30
184 21 57 0 30
184 21 57 0 30
184 21 57 0 30
184 21 57 0 30
184 21 57 0 30
184 21 57 0 30
185 21 57 0 30
185 21 57 0 30
185 21 57 0 30
185 21 57 0 30
185 21 57 0 30
185 21 57 0 30
185 21 57 0 30
185 21 57 0 30
185 21 57 0 30
185 21 57 0 30
185 21 57 0 30
185 21 57 0 30
185 21 57 0 30
185 21 57 0 30
185 21 57 0 30
185 21 57 0 30
185 21 57 0 30
185 21 57 0 30
185 21 57 0 30
185 21 57 0 30
185 21 57 0 30
185 21 57 0 30
185 21 57 0 30
185 21 57 0 30
185 21 57 0 30
185 21 57 0 30
185 21 57 0 30
185 21 57 0 30
185 21 57 0 30
185 21 57 0 30
185 21 57 0 30
185 21 57 0 30
185 21 57 0 30
185 21 57 0 30
185 21 57 0 30
185 21 57 0 30
185 21 57 0 30
185 21 57 0 30
185 21 57 0 30
185 21 57 0 30
185 21 57 0 30
185 21 57 0 30
185 21 57 0 30
185 21 57 0 30
185 21 57 0 30
186 21 57 0 30
186 21 57 0 30
186 21 57 0 30
186 21 57 0 30
186 21 57 0 30
186 21 57 0 30
186 21 57 0 30
186 21 57 0 30
186 21 57 0 30
186 21 57 0 30
186 21 57 0 30
186 21 57 0 30
186 21 57 0 30
186 21 57 0 30
186 21 57 0 30
186 21 57 0 30
186 21 57 0 30
186 21 57 0 30
186 21 57 0 30
186 21 57 0 30
186 21 57 0 30
186 21 57 0 30
186 21 57 0 30
186 21 57 0 30
186 21 57 0 30
187 21 57 0 30
187 21 57 0 30
187 21 57 0 30
187 21 57 0 30
187 21 57 0 30
187 21 57 0 30
187 21 57 0 30
187 21 57 0 30
187 21 57 0 30
187 21 57 0 30
187 21 57 0 30
187 21 57 0 30
187 21 57 0 30
187 21 57 0 30
187 21 57 0 30
187 21 57 0 30
187 21 57 0 30
187 21 57 0 30
187 21 57 0 30
187 21 57 0 30
187 21 57 0 30
187 21 57 0 30
187 21 57 0 30
187 21 57 0 30
187 21 57 0 30
187 21 57 0 30
187 21 57 0 30
187 21 57 0 30
187 21 57 0 30
187 21 57 0 30
187 21 57 0 30
187 21 57 0 30
188 21 57 0 30
188 21 57 0 30
188 21 57 0 30
188 21 57 0 30
188 21 57 0 30
188 21 57 0 30
188 21 57 0 30
188 21 57 0 30
188 21 57 0 30
188 21 57 0 30
188 21 57 0 30
188 21 57 0 30
188 21 57 0 30
188 21 57 0 30
188 21 57 0 30
188 21 57 0 30
188 21 57 0 30
188 21 57 0 30
188 21 57 0 30
188 21 57 0 30
189 21 57 0 30
189 21 57 0 30
189 21 57 0 30
189 21 57 0 30
189 21 57 0 30
189 21 57 0 30
189 21 57 0 30
189 21 57 0 30
189 21 57 0 30
189 21 57 0 30
189 21 57 0 30
189 21 57 0 30
189 21 57 0 30
189 21 57 0 30
189 21 57 0 30
189 21 57 0 30
189 21 57 0 30
189 21 57 0 30
190 21 57 0 30
190 21 57 0 30
190 21 57 0 30
190 21 57 0 30
190 21 57 0 30
190 21 57 0 30
190 21 57 0 30
190 21 57 0 30
190 21 57 0 30
190 21 57 0 30
190 21 57 0 30
190 21 57 0 30
190 21 57 0 30
190 21 57 0 30
190 21 57 0 30
190 21 57 0 30
190 21 57 0 30
190 21 57 0 30
190 21 57 0 30
190 21 57 0 30
190 21 57 0 30
190 21 57 0 30
190 21 57 0 30
190 21 57 0 30
190 21 57 0 30
191 21 57 0 30
191 21 57 0 30
191 21 57 0 30
191 21 57 0 30
191 21 57 0 30
191 21 57 0 30
191 21 57 0 30
191 21 57 0 30
191 21 57 0 30
191 21 57 0 30
191 21 57 0 30
191 21 57 0 30
191 21 57 0 30
191 21 57 0 30
191 21 57 0 30
191 21 57 0 30
191 21 57 0 30
192 21 57 0 30
192 21 57 0 30
192 21 57 0 30
192 21 57 0 30
192 21 57 0 30
192 21 57 0 30
192 21 57 0 30
192 21 57 0 30
192 21 57 0 30
192 21 57 0 30
192 21 57 0 30
192 21 57 0 30
192 21 57 0 30
192 21 57 0 30
192 21 57 0 30
192 21 57 0 30
192 21 57 0 30
192 21 57 0 30
192 21 57 0 30
192 21 57 0 30
192 21 57 0 30
192 21 57 0 30
192 21 57 0 30
193 21 57 0 30
193 21 57 0 30
193 21 57 0 30
193 21 57 0 30
193 21 57 0 30
193 21 57 0 30
193 21 57 0 30
193 21 57 0 30
193 21 57 0 30
193 21 57 0 30
193 21 57 0 30
193 21 57 0 30
193 21 57 0 30
193 21 57 0 30
193 21 57 0 30
193 21 57 0 30
193 21 57 0 30
193 21 57 0 30
193 21 57 0 30
193 21 57 0 30
193 21 57 0 30
193 21 57 0 30
193 21 57 0 30
193 21 57 0 30
193 21 57 0 30
193 21 57 0 30
193 21 57 0 30
194 21 57 0 30
194 21 57 0 30
194 21 57 0 30
194 21 57 0 30
194 21 57 0 30
194 21 57 0 30
194 21 57 0 30
194 21 57 0 30
194 21 57 0 30
194 21 57 0 30
194 21 57 0 30
194 21 57 0 30
194 21 57 0 30
194 21 57 0 30
194 21 57 0 30
194 21 57 0 30
194 21 57 0 30
194 21 57 0 30
194 21 57 0 30
194 21 57 0 30
195 21 57 0 30
195 21 57 0 30
195 21 57 0 30
195 21 57 0 30
195 21 57 0 30
195 21 57 0 30
195 21 57 0 30
195 21 57 0 30
195 21 57 0 30
195 21 57 0 30
195 21 57 0 30
195 21 57 0 30
195 21 57 0 30
195 21 57 0 30
195 21 57 0 30
195 21 57 0 30
195 21 57 0 30
195 21 57 0 30
195 21 57 0 30
195 21 57 0 30
195 21 57 0 30
195 21 57 0 30
195 21 57 0 30
195 21 57 0 30
195 21 57 0 30
195 21 57 0 30
195 21 57 0 30
195 21 57 0 30
196 21 57 0 30
196 21 57 0 30
196 21 57 0 30
196 21 57 0 30
196 21 57 0 30
196 21 57 0 30
196 21 57 0 30
196 21 57 0 30
196 21 57 0 30
196 21 57 0 30
196 21 57 0 30
196 21 57 0 30
196 21 57 0 30
196 21 57 0 30
196 21 57 0 30
196 21 57 0 30
196 21 57 0 30
196 21 57 0 30
196 21 57 0 30
196 21 57 0 30
196 21 57 0 30
196 21 57 0 30
196 21 57 0 30
196 21 57 0 30
196 21 57 0 30
196 21 57 0 30
196 21 57 0 30
196 21 57 0 30
196 21 57 0 30
196 21 57 0 30
197 21 57 0 30
197 21 57 0 30
197 21 57 0 30
197 21 57 0 30
197 21 57 0 30
197 21 57 0 30
197 21 57 0 30
197 21 57 0 30
197 21 57 0 30
197 21 57 0 30
197 21 57 0 30
197 21 57 0 30
197 21 57 0 30
197 21 57 0 30
197 21 57 0 30
197 21 57 0 30
197 21 57 0 30
197 21 57 0 30
197 21 57 0 30
197 21 57 0 30
197 21 57 0 30
197 21 57 0 30
197 21 57 0 30
197 21 57 0 30
197 21 57 0 30
197 21 57 0 30
197 21 57 0 30
198 21 57 0 30
198 21 57 0 30
198 21 57 0 30
198 21 57 0 30
198 21 57 0 30
198 21 57 0 30
198 21 57 0 30
198 21 57 0 30
198 21 57 0 30
198 21 57 0 30
198 21 57 0 30
198 21 57 0 30
198 21 57 0 30
198 21 57 0 30
198 21 57 0 30
198 21 57 0 30
198 21 57 0 30
198 21 57 0 30
198 21 57 0 30
198 21 57 0 30
198 21 57 0 30
198 21 57 0 30
198 21 57 0 30
198 21 57 0 30
198 21 57 0 30
198 21 57 0 30
198 21 57 0 30
198 21 57 0 30
198 21 57 0 30
198 21 57 0 30
199 21 57 0 30
199 21 57 0 30
199 21 57 0 30
199 21 57 0 30
199 21 57 0 30
199 21 57 0 30
199 21 57 0 30
199 21 57 0 30
199 21 57 0 30
199 21 57 0 30
199 21 57 0 30
199 21 57 0 30
199 21 57 0 30
199 21 57 0 30
199 21 57 0 30
199 21 57 0 30
199 21 57 0 30
199 21 57 0 30
199 21 57 0 30
199 21 57 0 30
199 21 57 0 30
199 21 57 0 30
199 21 57 0 30
199 21 57 0 30
199 21 57 0 30
200 21 57 0 30
200 21 57 0 30
200 21 57 0 30
200 21 57 0 30
200 21 57 0 30
200 21 57 0 30
200 21 57 0 30
200 21 57 0 30
200 21 57 0 30
200 21 57 0 30
200 21 57 0 30
200 21 57 0 30
200 21 57 0 30
200 21 57 0 30
200 21 57 0 30
200 21 57 0 30
200 21 57 0 30
200 21 57 0 30
200 21 57 0 30
200 21 57 0 30
200 21 57 0 30
200 21 57 0 30
200 21 57 0 30
200 21 57 0 30
200 21 57 0 30
200 21 57 0 30
200 21 57 0 30
200 21 57 0 30
201 21 57 0 30
201 21 57 0 30
201 21 57 0 30
201 21 57 0 30
201 21 57 0 30
201 21 57 0 30
201 21 57 0 30
201 21 57 0 30
201 21 57 0 30
201 21 57 0 30
201 21 57 0 30
201 21 57 0 30
201 21 57 0 30
201 21 57 0 30
201 21 57 0 30
201 21 57 0 30
201 21 57 0 30
201 21 57 0 30
201 21 57 0 30
201 21 57 0 30
201 21 57 0 30
201 21 57 0 30
201 21 57 0 30
202 21 57 0 30
202 21 57 0 30
202 21 57 0 30
202 21 57 0 30
202 21 57 0 30
202 21 57 0 30
202 21 57 0 30
202 21 57 0 30
202 21 57 0 30
202 21 57 0 30
202 21 57 0 30
202 21 57 0 30
202 21 57 0 30
202 21 57 0 30
202 21 57 0 30
202 21 57 0 30
202 21 57 0 30
202 21 57 0 30
202 21 57 0 30
202 21 57 0 30
202 21 57 0 30
202 21 57 0 30
202 21 57 0 30
202 21 57 0 30
202 21 57 0 30
202 21 57 0 30
202 21 57 0 30
202 21 57 0 30
202 21 57 0 30
203 21 57 0 30
203 21 57 0 30
203 21 57 0 30
203 21 57 0 30
203 21 57 0 30
203 21 57 0 30
203 21 57 0 30
203 21 57 0 30
203 21 57 0 30
203 21 57 0 30
203 21 57 0 30
203 21 57 0 30
203 21 57 0 30
203 21 57 0 30
203 21 57 0 30
203 21 57 0 30
203 21 57 0 30
203 21 57 0 30
203 21 57 0 30
203 21 57 0 30
203 21 57 0 30
203 21 57 0 30
203 21 57 0 30
203 21 57 0 30
203 21 57 0 30
203 21 57 0 30
203 21 57 0 30
203 21 57 0 30
203 21 57 0 30
203 21 57 0 30
203 21 57 0 30
203 21 57 0 30
203 21 57 0 30
204 21 57 0 30
204 21 57 0 30
204 21 57 0 30
204 21 57 0 30
204 21 57 0 30
204 21 57 0 30
204 21 57 0 30
204 21 57 0 30
204 21 57 0 30
204 21 57 0 30
204 21 57 0 30
204 21 57 0 30
204 21 57 0 30
204 21 57 0 30
204 21 57 0 30
204 21 57 0 30
204 21 57 0 30
204 21 57 0 30
204 21 57 0 30
204 21 57 0 30
204 21 57 0 30
204 21 57 0 30
204 21 57 0 30
204 21 57 0 30
204 21 57 0 30
205 21 57 0 30
205 21 57 0 30
205 21 57 0 30
205 21 57 0 30
205 21 57 0 30
205 21 57 0 30
205 21 57 0 30
205 21 57 0 30
205 21 57 0 30
205 21 57 0 30
205 21 57 0 30
205 21 57 0 30
205 21 57 0 30
205 21 57 0 30
205 21 57 0 30
205 21 57 0 30
205 21 57 0 30
205 21 57 0 30
205 21 57 0 30
205 21 57 0 30
206 21 57 0 30
206 21 57 0 30
206 21 57 0 30
206 21 57 0 30
206 21 57 0 30
206 21 57 0 30
206 21 57 0 30
206 21 57 0 30
206 21 57 0 30
206 21 57 0 30
206 21 57 0 30
206 21 57 0 30
206 21 57 0 30
206 21 57 0 30
206 21 57 0 30
206 21 57 0 30
206 21 57 0 30
206 21 57 0 30
206 21 57 0 30
206 21 57 0 30
206 21 57 0 30
206 21 57 0 30
206 21 57 0 30
206 21 57 0 30
206 21 57 0 30
206 21 57 0 30
206 21 57 0 30
206 21 57 0 30
206 21 57 0 30
206 21 57 0 30
206 21 57 0 30
206 21 57 0 30
206 21 57 0 30
206 21 57 0 30
206 21 57 0 30
207 21 57 0 30
207 21 57 0 30
207 21 57 0 30
207 21 57 0 30
207 21 57 0 30
207 21 57 0 30
207 21 57 0 30
207 21 57 0 30
207 21 57 0 30
207 21 57 0 30
207 21 57 0 30
207 21 57 0 30
207 21 57 0 30
207 21 57 0 30
207 21 57 0 30
207 21 57 0 30
207 21 57 0 30
207 21 57 0 30
207 21 57 0 30
207 21 57 0 30
207 21 57 0 30
207 21 57 0 30
207 21 57 0 30
207 21 57 0 30
207 21 57 0 30
207 21 57 0 30
207 21 57 0 30
207 21 57 0 30
207 21 57 0 30
207 21 57 0 30
207 21 57 0 30
207 21 57 0 30
207 21 57 0 30
207 21 57 0 30
207 21 57 0 30
207 21 57 0 30
207 21 57 0 30
208 21 57 0 30
208 21 57 0 30
208 21 57 0 30
208 21 57 0 30
208 21 57 0 30
208 21 57 0 30
208 21 57 0 30
208 21 57 0 30
208 21 57 0 30
208 21 57 0 30
208 21 57 0 30
208 21 57 0 30
208 21 57 0 30
208 21 57 0 30
208 21 57 0 30
208 21 57 0 30
208 21 57 0 30
208 21 57 0 30
208 21 57 0 30
208 21 57 0 30
208 21 57 0 30
208 21 57 0 30
208 21 57 0 30
208 21 57 0 30
208 21 57 0 30
208 21 57 0 30
208 21 57 0 30
208 21 57 0 30
208 21 57 0 30
208 21 57 0 30
209 21 57 0 30
209 21 57 0 30
209 21 57 0 30
209 21 57 0 30
209 21 57 0 30
209 21 57 0 30
209 21 57 0 30
209 21 57 0 30
209 21 57 0 30
209 21 57 0 30
209 21 57 0 30
209 21 57 0 30
209 21 57 0 30
209 21 57 0 30
209 21 57 0 30
209 21 57 0 30
209 21 57 0 30
209 21 57 0 30
209 21 57 0 30
209 21 57 0 30
209 21 57 0 30
209 21 57 0 30
209 21 57 0 30
209 21 57 0 30
209 21 57 0 30
209 21 57 0 30
209 21 57 0 30
209 21 57 0 30
209 21 57 0 30
209 21 57 0 30
209 21 57 0 30
209 21 57 0 30
209 21 57 0 30
209 21 57 0 30
210 21 57 0 30
210 21 57 0 30
210 21 57 0 30
210 21 57 0 30
210 21 57 0 30
210 21 57 0 30
210 21 57 0 30
210 21 57 0 30
210 21 57 0 30
210 21 57 0 30
210 21 57 0 30
210 21 57 0 30
210 21 57 0 30
210 21 57 0 30
210 21 57 0 30
210 21 57 0 30
210 21 57 0 30
210 21 57 0 30
210 21 57 0 30
210 21 57 0 30
210 21 57 0 30
210 21 57 0 30
210 21 57 0 30
210 21 57 0 30
210 21 57 0 30
210 21 57 0 30
210 21 57 0 30
210 21 57 0 30
210 21 57 0 30
210 21 57 0 30
210 21 57 0 30
210 21 57 0 30
210 21 57 0 30
210 21 57 0 30
211 21 57 0 30
211 21 57 0 30
211 21 57 0 30
211 21 57 0 30
211 21 57 0 30
211 21 57 0 30
211 21 57 0 30
211 21 57 0 30
211 21 57 0 30
211 21 57 0 30
211 21 57 0 30
211 21 57 0 30
211 21 57 0 30
211 21 57 0 30
211 21 57 0 30
211 21 57 0 30
211 21 57 0 30
211 21 57 0 30
211 21 57 0 30
211 21 57 0 30
211 21 57 0 30
211 21 57 0 30
211 21 57 0 30
211 21 57 0 30
211 21 57 0 30
211 21 57 0 30
211 21 57 0 30
211 21 57 0 30
211 21 57 0 30
211 21 57 0 30
211 21 57 0 30
211 21 57 0 30
211 21 57 0 30
211 21 57 0 30
211 21 57 0 30
211 21 57 0 30
211 21 57 0 30
211 21 57 0 30
211 21 57 0 30
211 21 57 0 30
212 21 57 0 30
212 21 57 0 30
212 21 57 0 30
212 21 57 0 30
212 21 57 0 30
212 21 57 0 30
212 21 57 0 30
212 21 57 0 30
212 21 57 0 30
212 21 57 0 30
212 21 57 0 30
212 21 57 0 30
212 21 57 0 30
212 21 57 0 30
212 21 57 0 30
212 21 57 0 30
212 21 57 0 30
212 21 57 0 30
212 21 57 0 30
212 21 57 0 30
212 21 57 0 30
212 21 57 0 30
212 21 57 0 30
212 21 57 0 30
212 21 57 0 30
212 21 57 0 30
212 21 57 0 30
212 21 57 0 30
212 21 57 0 30
212 21 57 0 30
213 21 57 0 30
213 21 57 0 30
213 21 57 0 30
213 21 57 0 30
213 21 57 0 30
213 21 57 0 30
213 21 57 0 30
213 21 57 0 30
213 21 57 0 30
213 21 57 0 30
213 21 57 0 30
213 21 57 0 30
213 21 57 0 30
213 21 57 0 30
213 21 57 0 30
213 21 57 0 30
213 21 57 0 30
213 21 57 0 30
213 21 57 0 30
213 21 57 0 30
213 21 57 0 30
213 21 57 0 30
213 21 57 0 30
213 21 57 0 30
213 21 57 0 30
213 21 57 0 30
213 21 57 0 30
214 21 57 0 30
214 21 57 0 30
214 21 57 0 30
214 21 57 0 30
214 21 57 0 30
214 21 57 0 30
214 21 57 0 30
214 21 57 0 30
214 21 57 0 30
214 21 57 0 30
214 21 57 0 30
214 21 57 0 30
214 21 57 0 30
214 21 57 0 30
214 21 57 0 30
214 21 57 0 30
214 21 57 0 30
214 21 57 0 30
215 21 57 0 30
215 21 57 0 30
215 21 57 0 30
215 21 57 0 30
215 21 57 0 30
215 21 57 0 30
215 21 57 0 30
215 21 57 0 30
215 21 57 0 30
215 21 57 0 30
215 21 57 0 30
215 21 57 0 30
215 21 57 0 30
215 21 57 0 30
215 21 57 0 30
215 21 57 0 30
215 21 57 0 30
215 21 57 0 30
215 21 57 0 30
215 21 57 0 30
215 21 57 0 30
215 21 57 0 30
215 21 57 0 30
215 21 57 0 30
215 21 57 0 30
215 21 57 0 30
215 21 57 0 30
215 21 57 0 30
215 21 57 0 30
215 21 57 0 30
215 21 57 0 30
215 21 57 0 30
215 21 57 0 30
215 21 57 0 30
215 21 57 0 30
215 21 57 0 30
215 21 57 0 30
216 21 57 0 30
216 21 57 0 30
216 21 57 0 30
216 21 57 0 30
216 21 57 0 30
216 21 57 0 30
216 21 57 0 30
216 21 57 0 30
216 21 57 0 30
216 21 57 0 30
216 21 57 0 30
216 21 57 0 30
216 21 57 0 30
216 21 57 0 30
216 21 57 0 30
216 21 57 0 30
216 21 57 0 30
216 21 57 0 30
216 21 57 0 30
216 21 57 0 30
216 21 57 0 30
216 21 57 0 30
216 21 57 0 30
216 21 57 0 30
216 21 57 0 30
217 21 57 0 30
217 21 57 0 30
217 21 57 0 30
217 21 57 0 30
217 21 57 0 30
217 21 57 0 30
217 21 57 0 30
217 21 57 0 30
217 21 57 0 30
217 21 57 0 30
217 21 57 0 30
217 21 57 0 30
217 21 57 0 30
217 21 57 0 30
217 21 57 0 30
217 21 57 0 30
217 21 57 0 30
217 21 57 0 30
217 21 57 0 30
217 21 57 0 30
217 21 57 0 30
217 21 57 0 30
217 21 57 0 30
217 21 57 0 30
217 21 57 0 30
217 21 57 0 30
218 21 57 0 30
218 21 57 0 30
218 21 57 0 30
218 21 57 0 30
218 21 57 0 30
218 21 57 0 30
218 21 57 0 30
218 21 57 0 30
218 21 57 0 30
218 21 57 0 30
218 21 57 0 30
218 21 57 0 30
218 21 57 0 30
218 21 57 0 30
218 21 57 0 30
218 21 57 0 30
218 21 57 0 30
218 21 57 0 30
218 21 57 0 30
218 21 57 0 30
218 21 57 0 30
218 21 57 0 30
218 21 57 0 30
218 21 57 0 30
218 21 57 0 30
218 21 57 0 30
218 21 57 0 30
218 21 57 0 30
218 21 57 0 30
218 21 57 0 30
218 21 57 0 30
218 21 57 0 30
218 21 57 0 30
218 21 57 0 30
219 21 57 0 30
219 21 57 0 30
219 21 57 0 30
219 21 57 0 30
219 21 57 0 30
219 21 57 0 30
219 21 57 0 30
219 21 57 0 30
219 21 57 0 30
219 21 57 0 30
219 21 57 0 30
219 21 57 0 30
219 21 57 0 30
219 21 57 0 30
219 21 57 0 30
219 21 57 0 30
219 21 57 0 30
219 21 57 0 30
219 21 57 0 30
219 21 57 0 30
219 21 57 0 30
219 21 57 0 30
219 21 57 0 30
219 21 57 0 30
219 21 57 0 30
219 21 57 0 30
219 21 57 0 30
219 21 57 0 30
219 21 57 0 30
219 21 57 0 30
219 21 57 0 30
219 21 57 0 30
219 21 57 0 30
219 21 57 0 30
219 21 57 0 30
219 21 57 0 30
219 21 57 0 30
219 21 57 0 30
219 21 57 0 30
219 21 57 0 30
219 21 57 0 30
219 21 57 0 30
219 21 57 0 30
219 21 57 0 30
219 21 57 0 30
219 21 57 0 30
219 21 57 0 30
219 21 57 0 30
219 21 57 0 30
219 21 57 0 30
220 21 57 0 30
220 21 57 0 30
220 21 57 0 30
220 21 57 0 30
220 21 57 0 30
220 21 57 0 30
220 21 57 0 30
220 21 57 0 30
220 21 57 0 30
220 21 57 0 30
220 21 57 0 30
220 21 57 0 30
220 21 57 0 30
220 21 57 0 30
220 21 57 0 30
220 21 57 0 30
220 21 57 0 30
220 21 57 0 30
220 21 57 0 30
220 21 57 0 30
220 21 57 0 30
220 21 57 0 30
220 21 57 0 30
220 21 57 0 30
220 21 57 0 30
220 21 57 0 30
220 21 57 0 30
220 21 57 0 30
220 21 57 0 30
220 21 57 0 30
220 21 57 0 30
220 21 57 0 30
220 21 57 0 30
220 21 57 0 30
220 21 57 0 30
220 21 57 0 30
220 21 57 0 30
220 21 57 0 30
220 21 57 0 30
220 21 57 0 30
220 21 57 0 30
220 21 57 0 30
220 21 57 0 30
220 21 57 0 30
220 21 57 0 30
220 21 57 0 30
220 21 57 0 30
220 21 57 0 30
220 21 57 0 30
220 21 57 0 30
220 21 57 0 30
220 21 57 0 30
220 21 57 0 30
221 21 57 0 30
221 21 57 0 30
221 21 57 0 30
221 21 57 0 30
221 21 57 0 30
221 21 57 0 30
221 21 57 0 30
221 21 57 0 30
221 21 57 0 30
221 21 57 0 30
221 21 57 0 30
221 21 57 0 30
221 21 57 0 30
221 21 57 0 30
221 21 57 0 30
221 21 57 0 30
221 21 57 0 30
221 21 57 0 30
221 21 57 0 30
221 21 57 0 30
221 21 57 0 30
221 21 57 0 30
221 21 57 0 30
221 21 57 0 30
221 21 57 0 30
221 21 57 0 30
221 21 57 0 30
221 21 57 0 30
221 21 57 0 30
221 21 57 0 30
221 21 57 0 30
221 21 57 0 30
221 21 57 0 30
221 21 57 0 30
221 21 57 0 30
221 21 57 0 30
221 21 57 0 30
221 21 57 0 30
221 21 57 0 30
221 21 57 0 30
221 21 57 0 30
221 21 57 0 30
222 21 57 0 30
222 21 57 0 30
222 21 57 0 30
222 21 57 0 30
222 21 57 0 30
222 21 57 0 30
222 21 57 0 30
222 21 57 0 30
222 21 57 0 30
222 21 57 0 30
222 21 57 0 30
222 21 57 0 30
222 21 57 0 30
222 21 57 0 30
222 21 57 0 30
222 21 57 0 30
222 21 57 0 30
222 21 57 0 30
222 21 57 0 30
222 21 57 0 30
222 21 57 0 30
222 21 57 0 30
222 21 57 0 30
222 21 57 0 30
222 21 57 0 30
222 21 57 0 30
222 21 57 0 30
222 21 57 0 30
222 21 57 0 30
222 21 57 0 30
222 21 57 0 30
222 21 57 0 30
222 21 57 0 30
223 21 57 0 30
223 21 57 0 30
223 21 57 0 30
223 21 57 0 30
223 21 57 0 30
223 21 57 0 30
223 21 57 0 30
223 21 57 0 30
223 21 57 0 30
223 21 57 0 30
223 21 57 0 30
223 21 57 0 30
223 21 57 0 30
223 21 57 0 30
223 21 57 0 30
223 21 57 0 30
223 21 57 0 30
223 21 57 0 30
223 21 57 0 30
223 21 57 0 30
223 21 57 0 30
223 21 57 0 30
223 21 57 0 30
223 21 57 0 30
223 21 57 0 30
223 21 57 0 30
223 21 57 0 30
223 21 57 0 30
223 21 57 0 30
223 21 57 0 30
224 21 57 0 30
224 21 57 0 30
224 21 57 0 30
224 21 57 0 30
224 21 57 0 30
224 21 57 0 30
224 21 57 0 30
224 21 57 0 30
224 21 57 0 30
224 21 57 0 30
224 21 57 0 30
224 21 57 0 30
224 21 57 0 30
224 21 57 0 30
224 21 57 0 30
224 21 57 0 30
224 21 57 0 30
224 21 57 0 30
224 21 57 0 30
224 21 57 0 30
224 21 57 0 30
224 21 57 0 30
224 21 57 0 30
224 21 57 0 30
224 21 57 0 30
224 21 57 0 30
224 21 57 0 30
224 21 57 0 30
224 21 57 0 30
224 21 57 0 30
225 21 57 0 30
225 21 57 0 30
225 21 57 0 30
225 21 57 0 30
225 21 57 0 30
225 21 57 0 30
225 21 57 0 30
225 21 57 0 30
225 21 57 0 30
225 21 57 0 30
225 21 57 0 30
225 21 57 0 30
225 21 57 0 30
225 21 57 0 30
225 21 57 0 30
225 21 57 0 30
225 21 57 0 30
225 21 57 0 30
225 21 57 0 30
225 21 57 0 30
225 21 57 0 30
225 21 57 0 30
225 21 57 0 30
225 21 57 0 30
225 21 57 0 30
225 21 57 0 30
225 21 57 0 30
225 21 57 0 30
225 21 57 0 30
225 21 57 0 30
225 21 57 0 30
225 21 57 0 30
226 21 57 0 30
226 21 57 0 30
226 21 57 0 30
226 21 57 0 30
226 21 57 0 30
226 21 57 0 30
226 21 57 0 30
226 21 57 0 30
226 21 57 0 30
226 21 57 0 30
226 21 57 0 30
226 21 57 0 30
226 21 57 0 30
226 21 57 0 30
226 21 57 0 30
226 21 57 0 30
226 21 57 0 30
226 21 57 0 30
226 21 57 0 30
226 21 57 0 30
226 21 57 0 30
226 21 57 0 30
226 21 57 0 30
226 21 57 0 30
226 21 57 0 30
226 21 57 0 30
226 21 57 0 30
226 21 57 0 30
226 21 57 0 30
226 21 57 0 30
226 21 57 0 30
226 21 57 0 30
227 21 57 0 30
227 21 57 0 30
227 21 57 0 30
227 21 57 0 30
227 21 57 0 30
227 21 57 0 30
227 21 57 0 30
227 21 57 0 30
227 21 57 0 30
227 21 57 0 30
227 21 57 0 30
227 21 57 0 30
227 21 57 0 30
227 21 57 0 30
227 21 57 0 30
227 21 57 0 30
227 21 57 0 30
227 21 57 0 30
228 21 57 0 30
228 21 57 0 30
228 21 57 0 30
228 21 57 0 30
228 21 57 0 30
228 21 57 0 30
228 21 57 0 30
228 21 57 0 30
228 21 57 0 30
228 21 57 0 30
228 21 57 0 30
228 21 57 0 30
228 21 57 0 30
228 21 57 0 30
228 21 57 0 30
228 21 57 0 30
228 21 57 0 30
228 21 57 0 30
228 21 57 0 30
228 21 57 0 30
228 21 57 0 30
228 21 57 0 30
228 21 57 0 30
228 21 57 0 30
228 21 57 0 30
228 21 57 0 30
228 21 57 0 30
228 21 57 0 30
229 21 57 0 30
229 21 57 0 30
229 21 57 0 30
229 21 57 0 30
229 21 57 0 30
229 21 57 0 30
229 21 57 0 30
229 21 57 0 30
229 21 57 0 30
229 21 57 0 30
229 21 57 0 30
229 21 57 0 30
229 21 57 0 30
229 21 57 0 30
229 21 57 0 30
229 21 57 0 30
229 21 57 0 30
229 21 57 0 30
229 21 57 0 30
229 21 57 0 30
229 21 57 0 30
229 21 57 0 30
229 21 57 0 30
229 21 57 0 30
229 21 57 0 30
229 21 57 0 30
229 21 57 0 30
230 21 57 0 30
230 21 57 0 30
230 21 57 0 30
230 21 57 0 30
230 21 57 0 30
230 21 57 0 30
230 21 57 0 30
230 21 57 0 30
230 21 57 0 30
230 21 57 0 30
230 21 57 0 30
230 21 57 0 30
230 21 57 0 30
230 21 57 0 30
230 21 57 0 30
230 21 57 0 30
230 21 57 0 30
230 21 57 0 30
230 21 57 0 30
230 21 57 0 30
230 21 57 0 30
230 21 57 0 30
230 21 57 0 30
230 21 57 0 30
230 21 57 0 30
230 21 57 0 30
230 21 57 0 30
230 21 57 0 30
230 21 57 0 30
230 21 57 0 30
231 21 57 0 30
231 21 57 0 30
231 21 57 0 30
231 21 57 0 30
231 21 57 0 30
231 21 57 0 30
231 21 57 0 30
231 21 57 0 30
231 21 57 0 30
231 21 57 0 30
231 21 57 0 30
231 21 57 0 30
231 21 57 0 30
231 21 57 0 30
231 21 57 0 30
231 21 57 0 30
231 21 57 0 30
231 21 57 0 30
231 21 57 0 30
231 21 57 0 30
231 21 57 0 30
231 21 57 0 30
231 21 57 0 30
232 21 57 0 30
232 21 57 0 30
232 21 57 0 30
232 21 57 0 30
232 21 57 0 30
232 21 57 0 30
232 21 57 0 30
232 21 57 0 30
232 21 57 0 30
232 21 57 0 30
232 21 57 0 30
232 21 57 0 30
232 21 57 0 30
232 21 57 0 30
232 21 57 0 30
232 21 57 0 30
232 21 57 0 30
232 21 57 0 30
232 21 57 0 30
232 21 57 0 30
232 21 57 0 30
232 21 57 0 30
232 21 57 0 30
232 21 57 0 30
232 21 57 0 30
232 21 57 0 30
232 21 57 0 30
232 21 57 0 30
232 21 57 0 30
232 21 57 0 30
232 21 57 0 30
232 21 57 0 30
233 21 57 0 30
233 21 57 0 30
233 21 57 0 30
233 21 57 0 30
233 21 57 0 30
233 21 57 0 30
233 21 57 0 30
233 21 57 0 30
233 21 57 0 30
233 21 57 0 30
233 21 57 0 30
233 21 57 0 30
233 21 57 0 30
233 21 57 0 30
233 21 57 0 30
233 21 57 0 30
233 21 57 0 30
233 21 57 0 30
233 21 57 0 30
233 21 57 0 30
233 21 57 0 30
233 21 57 0 30
233 21 57 0 30
233 21 57 0 30
233 21 57 0 30
233 21 57 0 30
233 21 57 0 30
233 21 57 0 30
233 21 57 0 30
233 21 57 0 30
233 21 57 0 30
233 21 57 0 30
233 21 57 0 30
233 21 57 0 30
233 21 57 0 30
234 21 57 0 30
234 21 57 0 30
234 21 57 0 30
234 21 57 0 30
234 21 57 0 30
234 21 57 0 30
234 21 57 0 30
234 21 57 0 30
234 21 57 0 30
234 21 57 0 30
234 21 57 0 30
234 21 57 0 30
234 21 57 0 30
234 21 57 0 30
234 21 57 0 30
234 21 57 0 30
234 21 57 0 30
234 21 57 0 30
234 21 57 0 30
234 21 57 0 30
234 21 57 0 30
234 21 57 0 30
234 21 57 0 30
234 21 57 0 30
234 21 57 0 30
234 21 57 0 30
235 21 57 0 30
235 21 57 0 30
235 21 57 0 30
235 21 57 0 30
235 21 57 0 30
235 21 57 0 30
235 21 57 0 30
235 21 57 0 30
235 21 57 0 30
235 21 57 0 30
235 21 57 0 30
235 21 57 0 30
235 21 57 0 30
235 21 57 0 30
235 21 57 0 30
235 21 57 0 30
235 21 57 0 30
235 21 57 0 30
235 21 57 0 30
235 21 57 0 30
235 21 57 0 30
235 21 57 0 30
236 21 57 0 30
236 21 57 0 30
236 21 57 0 30
236 21 57 0 30
236 21 57 0 30
236 21 57 0 30
236 21 57 0 30
236 21 57 0 30
236 21 57 0 30
236 21 57 0 30
236 21 57 0 30
236 21 57 0 30
236 21 57 0 30
236 21 57 0 30
236 21 57 0 30
236 21 57 0 30
236 21 57 0 30
236 21 57 0 30
236 21 57 0 30
236 21 57 0 30
236 21 57 0 30
236 21 57 0 30
236 21 57 0 30
236 21 57 0 30
236 21 57 0 30
236 21 57 0 30
236 21 57 0 30
236 21 57 0 30
236 21 57 0 30
236 21 57 0 30
236 21 57 0 30
236 21 57 0 30
236 21 57 0 30
236 21 57 0 30
236 21 57 0 30
237 21 57 0 30
237 21 57 0 30
237 21 57 0 30
237 21 57 0 30
237 21 57 0 30
237 21 57 0 30
237 21 57 0 30
237 21 57 0 30
237 21 57 0 30
237 21 57 0 30
237 21 57 0 30
237 21 57 0 30
237 21 57 0 30
237 21 57 0 30
237 21 57 0 30
237 21 57 0 30
237 21 57 0 30
237 21 57 0 30
237 21 57 0 30
237 21 57 0 30
237 21 57 0 30
237 21 57 0 30
237 21 57 0 30
237 21 57 0 30
237 21 57 0 30
237 21 57 0 30
237 21 57 0 30
238 21 57 0 30
238 21 57 0 30
238 21 57 0 30
238 21 57 0 30
238 21 57 0 30
238 21 57 0 30
238 21 57 0 30
238 21 57 0 30
238 21 57 0 30
238 21 57 0 30
238 21 57 0 30
238 21 57 0 30
238 21 57 0 30
238 21 57 0 30
238 21 57 0 30
238 21 57 0 30
238 21 57 0 30
238 21 57 0 30
238 21 57 0 30
238 21 57 0 30
238 21 57 0 30
238 21 57 0 30
238 21 57 0 30
238 21 57 0 30
238 21 57 0 30
238 21 57 0 30
238 21 57 0 30
238 21 57 0 30
239 21 57 0 30
239 21 57 0 30
239 21 57 0 30
239 21 57 0 30
239 21 57 0 30
239 21 57 0 30
239 21 57 0 30
239 21 57 0 30
239 21 57 0 30
239 21 57 0 30
239 21 57 0 30
239 21 57 0 30
239 21 57 0 30
239 21 57 0 30
239 21 57 0 30
239 21 57 0 30
239 21 57 0 30
239 21 57 0 30
239 21 57 0 30
239 21 57 0 30
239 21 57 0 30
239 21 57 0 30
239 21 57 0 30
239 21 57 0 30
239 21 57 0 30
240 21 57 0 30
240 21 57 0 30
240 21 57 0 30
240 21 57 0 30
240 21 57 0 30
240 21 57 0 30
240 21 57 0 30
240 21 57 0 30
240 21 57 0 30
240 21 57 0 30
240 21 57 0 30
240 21 57 0 30
240 21 57 0 30
240 21 57 0 30
240 21 57 0 30
240 21 57 0 30
240 21 57 0 30
240 21 57 0 30
240 21 57 0 30
240 21 57 0 30
240 21 57 0 30
240 21 57 0 30
240 21 57 0 30
240 21 57 0 30
240 21 57 0 30
240 21 57 0 30
240 21 57 0 30
240 21 57 0 30
240 21 57 0 30
240 21 57 0 30
240 21 57 0 30
240 21 57 0 30
241 21 57 0 30
241 21 57 0 30
241 21 57 0 30
241 21 57 0 30
241 21 57 0 30
241 21 57 0 30
241 21 57 0 30
241 21 57 0 30
241 21 57 0 30
241 21 57 0 30
241 21 57 0 30
241 21 57 0 30
241 21 57 0 30
241 21 57 0 30
241 21 57 0 30
241 21 57 0 30
241 21 57 0 30
241 21 57 0 30
241 21 57 0 30
241 21 57 0 30
241 21 57 0 30
241 21 57 0 30
241 21 57 0 30
242 21 57 0 30
242 21 57 0 30
242 21 57 0 30
242 21 57 0 30
242 21 57 0 30
242 21 57 0 30
242 21 57 0 30
242 21 57 0 30
242 21 57 0 30
242 21 57 0 30
242 21 57 0 30
242 21 57 0 30
242 21 57 0 30
242 21 57 0 30
242 21 57 0 30
242 21 57 0 30
242 21 57 0 30
242 21 57 0 30
242 21 57 0 30
242 21 57 0 30
242 21 57 0 30
242 21 57 0 30
242 21 57 0 30
242 21 57 0 30
242 21 57 0 30
242 21 57 0 30
242 21 57 0 30
242 21 57 0 30
242 21 57 0 30
242 21 57 0 30
243 21 57 0 30
243 21 57 0 30
243 21 57 0 30
243 21 57 0 30
243 21 57 0 30
243 21 57 0 30
243 21 57 0 30
243 21 57 0 30
243 21 57 0 30
243 21 57 0 30
243 21 57 0 30
243 21 57 0 30
243 21 57 0 30
243 21 57 0 30
243 21 57 0 30
243 21 57 0 30
243 21 57 0 30
243 21 57 0 30
243 21 57 0 30
243 21 57 0 30
243 21 57 0 30
243 21 57 0 30
243 21 57 0 30
243 21 57 0 30
243 21 57 0 30
243 21 57 0 30
243 21 57 0 30
243 21 57 0 30
243 21 57 0 30
243 21 57 0 30
243 21 57 0 30
243 21 57 0 30
243 21 57 0 30
243 21 57 0 30
243 21 57 0 30
243 21 57 0 30
243 21 57 0 30
244 21 57 0 30
244 21 57 0 30
244 21 57 0 30
244 21 57 0 30
244 21 57 0 30
244 21 57 0 30
244 21 57 0 30
244 21 57 0 30
244 21 57 0 30
244 21 57 0 30
244 21 57 0 30
244 21 57 0 30
244 21 57 0 30
244 21 57 0 30
244 21 57 0 30
244 21 57 0 30
244 21 57 0 30
244 21 57 0 30
244 21 57 0 30
244 21 57 0 30
244 21 57 0 30
244 21 57 0 30
244 21 57 0 30
244 21 57 0 30
244 21 57 0 30
244 21 57 0 30
244 21 57 0 30
244 21 57 0 30
244 21 57 0 30
244 21 57 0 30
245 21 57 0 30
245 21 57 0 30
245 21 57 0 30
245 21 57 0 30
245 21 57 0 30
245 21 57 0 30
245 21 57 0 30
245 21 57 0 30
245 21 57 0 30
245 21 57 0 30
245 21 57 0 30
245 21 57 0 30
245 21 57 0 30
245 21 57 0 30
245 21 57 0 30
245 21 57 0 30
245 21 57 0 30
245 21 57 0 30
245 21 57 0 30
245 21 57 0 30
245 21 57 0 30
245 21 57 0 30
245 21 57 0 30
245 21 57 0 30
245 21 57 0 30
246 21 57 0 30
246 21 57 0 30
246 21 57 0 30
246 21 57 0 30
246 21 57 0 30
246 21 57 0 30
246 21 57 0 30
246 21 57 0 30
246 21 57 0 30
246 21 57 0 30
246 21 57 0 30
246 21 57 0 30
246 21 57 0 30
246 21 57 0 30
246 21 57 0 30
246 21 57 0 30
246 21 57 0 30
246 21 57 0 30
246 21 57 0 30
246 21 57 0 30
246 21 57 0 30
246 21 57 0 30
246 21 57 0 30
246 21 57 0 30
246 21 57 0 30
246 21 57 0 30
246 21 57 0 30
246 21 57 0 30
246 21 57 0 30
246 21 57 0 30
247 21 57 0 30
247 21 57 0 30
247 21 57 0 30
247 21 57 0 30
247 21 57 0 30
247 21 57 0 30
247 21 57 0 30
247 21 57 0 30
247 21 57 0 30
247 21 57 0 30
247 21 57 0 30
247 21 57 0 30
247 21 57 0 30
247 21 57 0 30
247 21 57 0 30
247 21 57 0 30
247 21 57 0 30
247 21 57 0 30
248 21 57 0 30
248 21 57 0 30
248 21 57 0 30
248 21 57 0 30
248 21 57 0 30
248 21 57 0 30
248 21 57 0 30
248 21 57 0 30
248 21 57 0 30
248 21 57 0 30
248 21 57 0 30
248 21 57 0 30
248 21 57 0 30
248 21 57 0 30
248 21 57 0 30
248 21 57 0 30
248 21 57 0 30
248 21 57 0 30
248 21 57 0 30
248 21 57 0 30
248 21 57 0 30
248 21 57 0 30
248 21 57 0 30
248 21 57 0 30
248 21 57 0 30
249 21 57 0 30
249 21 57 0 30
249 21 57 0 30
249 21 57 0 30
249 21 57 0 30
249 21 57 0 30
249 21 57 0 30
249 21 57 0 30
249 21 57 0 30
249 21 57 0 30
249 21 57 0 30
249 21 57 0 30
249 21 57 0 30
249 21 57 0 30
249 21 57 0 30
249 21 57 0 30
249 21 57 0 30
249 21 57 0 30
249 21 57 0 30
249 21 57 0 30
249 21 57 0 30
249 21 57 0 30
249 21 57 0 30
249 21 57 0 30
249 21 57 0 30
249 21 57 0 30
249 21 57 0 30
250 21 57 0 30
250 21 57 0 30
250 21 57 0 30
250 21 57 0 30
250 21 57 0 30
250 21 57 0 30
250 21 57 0 30
250 21 57 0 30
250 21 57 0 30
250 21 57 0 30
250 21 57 0 30
250 21 57 0 30
250 21 57 0 30
250 21 57 0 30
250 21 57 0 30
250 21 57 0 30
250 21 57 0 30
250 21 57 0 30
250 21 57 0 30
250 21 57 0 30
250 21 57 0 30
250 21 57 0 30
250 21 57 0 30
251 21 57 0 30
251 21 57 0 30
251 21 57 0 30
251 21 57 0 30
251 21 57 0 30
251 21 57 0 30
251 21 57 0 30
251 21 57 0 30
251 21 57 0 30
251 21 57 0 30
251 21 57 0 30
251 21 57 0 30
251 21 57 0 30
251 21 57 0 30
251 21 57 0 30
251 21 57 0 30
251 21 57 0 30
251 21 57 0 30
251 21 57 0 30
251 21 57 0 30
251 21 57 0 30
251 21 57 0 30
251 21 57 0 30
251 21 57 0 30
251 21 57 0 30
252 21 57 0 30
252 21 57 0 30
252 21 57 0 30
252 21 57 0 30
252 21 57 0 30
252 21 57 0 30
252 21 57 0 30
252 21 57 0 30
252 21 57 0 30
252 21 57 0 30
252 21 57 0 30
252 21 57 0 30
252 21 57 0 30
252 21 57 0 30
252 21 57 0 30
252 21 57 0 30
252 21 57 0 30
252 21 57 0 30
252 21 57 0 30
252 21 57 0 30
252 21 57 0 30
252 21 57 0 30
252 21 57 0 30
252 21 57 0 30
252 21 57 0 30
252 21 57 0 30
252 21 57 0 30
253 21 57 0 30
253 21 57 0 30
253 21 57 0 30
253 21 57 0 30
253 21 57 0 30
253 21 57 0 30
253 21 57 0 30
253 21 57 0 30
253 21 57 0 30
253 21 57 0 30
253 21 57 0 30
253 21 57 0 30
253 21 57 0 30
253 21 57 0 30
253 21 57 0 30
253 21 57 0 30
253 21 57 0 30
253 21 57 0 30
253 21 57 0 30
253 21 57 0 30
253 21 57 0 30
253 21 57 0 30
253 21 57 0 30
253 21 57 0 30
253 21 57 0 30
253 21 57 0 30
253 21 57 0 30
253 21 57 0 30
254 21 57 0 30
254 21 57 0 30
254 21 57 0 30
254 21 57 0 30
254 21 57 0 30
254 21 57 0 30
254 21 57 0 30
254 21 57 0 30
254 21 57 0 30
254 21 57 0 30
254 21 57 0 30
254 21 57 0 30
