3 0 0 0 0
3 0 0 0 0
3 0 0 0 0
3 1 0 0 0
3 1 0 0 0
3 1 0 0 0
3 1 0 0 0
3 0 0 0 0
3 0 0 0 0
3 0 0 0 0
3 0 0 0 0
3 0 0 0 0
3 0 0 0 0
3 0 0 0 0
3 0 0 0 0
3 0 0 0 0
3 0 0 0 0
3 0 0 0 0
3 0 0 0 0
3 0 0 0 0
3 0 0 0 0
3 0 0 0 0
4 0 0 0 0
4 0 0 0 0
4 0 0 0 0
4 0 0 0 0
4 0 0 0 0
4 0 0 0 0
4 0 0 0 0
4 0 0 0 0
4 0 0 0 0
4 0 0 0 0
4 0 0 0 0
4 0 0 0 0
4 0 0 0 0
4 0 0 0 0
4 0 0 0 0
4 0 0 0 0
4 0 0 0 0
4 0 0 0 0
4 0 0 0 0
4 0 0 0 0
4 0 0 0 0
4 0 0 0 0
4 0 0 0 0
4 0 0 0 0
4 0 0 0 0
4 0 0 0 0
4 0 0 0 0
4 0 0 0 0
4 0 0 0 0
4 0 0 0 0
4 0 0 0 0
4 0 0 0 0
4 0 0 0 0
4 0 0 0 0
4 0 0 0 0
4 0 0 0 0
4 0 0 0 0
4 0 0 0 0
4 0 0 0 0
4 0 0 0 0
4 0 0 0 0
4 0 0 0 0
4 0 0 0 0
4 0 0 0 0
4 0 0 0 0
4 0 0 0 0
4 0 0 0 0
4 0 0 0 0
4 0 0 0 0
4 0 0 0 0
4 0 0 0 0
4 0 0 0 0
5 0 0 0 0
5 0 0 0 0
5 0 0 0 0
5 0 0 0 0
5 0 0 0 0
5 0 0 0 0
5 0 0 0 0
5 0 0 0 0
5 0 0 0 0
5 0 0 0 0
5 0 0 0 0
5 0 0 0 0
5 0 0 0 0
5 0 0 0 0
5 0 0 0 0
5 0 0 0 0
5 0 0 0 0
5 0 0 0 0
5 0 0 1 1
5 0 0 1 1
5 0 0 1 1
5 0 0 1 1
5 0 0 1 1
5 0 0 0 1
5 0 0 0 1
5 0 0 0 1
5 0 0 0 1
5 0 0 0 1
5 0 0 0 1
5 0 0 0 1
5 0 0 0 1
5 0 0 0 1
5 0 0 0 1
5 0 0 0 1
5 0 0 0 1
5 0 0 0 1
6 0 0 0 1
6 0 0 0 1
6 1 2 0 1
6 0 2 0 1
6 0 2 0 1
6 0 2 0 1
6 0 2 0 1
6 0 2 0 1
6 0 2 0 1
6 0 2 0 1
6 0 2 0 1
6 0 2 0 1
6 0 2 0 1
6 0 2 0 1
6 0 2 0 1
6 0 2 0 1
6 0 2 0 1
6 0 2 0 1
6 0 2 0 1
6 0 2 0 1
6 0 2 0 1
6 0 2 0 1
6 0 2 0 1
6 0 2 0 1
6 0 2 0 1
6 0 2 0 1
6 0 2 0 1
6 0 2 0 1
6 0 2 0 1
6 0 2 0 1
6 0 2 0 1
6 0 2 0 1
6 0 2 0 1
6 0 2 0 1
6 0 2 0 1
6 0 2 0 1
6 0 2 0 1
6 0 2 0 1
6 0 2 0 1
6 0 2 0 1
6 0 2 0 1
6 0 2 0 1
6 0 2 0 1
6 0 2 0 1
6 0 2 0 1
6 0 2 0 1
6 0 2 0 1
6 0 2 0 1
7 0 2 0 1
7 0 2 0 1
7 0 2 0 1
7 0 2 0 1
7 0 2 0 1
7 0 2 0 1
7 0 2 0 1
7 0 2 0 1
7 0 2 0 1
7 0 2 0 1
7 0 2 0 1
7 0 2 0 1
7 0 2 0 1
7 0 2 0 1
7 0 2 0 1
7 0 2 0 1
7 0 2 0 1
7 0 2 0 1
7 0 2 0 1
7 0 2 0 1
7 0 2 0 1
7 0 2 0 1
7 0 2 0 1
7 0 2 0 1
7 0 2 0 1
7 0 2 0 1
7 0 2 0 1
7 0 2 0 1
7 0 2 0 1
7 0 2 0 1
7 0 2 0 1
7 0 2 0 1
7 0 2 0 1
7 0 2 0 1
7 0 2 0 1
7 0 2 0 1
7 0 2 0 1
7 0 2 0 1
7 0 2 0 1
7 0 2 0 1
7 0 2 1 2
7 0 2 0 2
7 0 2 0 2
8 0 2 0 2
8 0 2 0 2
8 0 2 0 2
8 0 2 0 2
8 0 2 0 2
8 0 2 0 2
8 0 2 0 2
8 0 2 0 2
8 0 2 0 2
8 0 2 0 2
8 0 2 0 2
8 0 2 0 2
8 0 2 0 2
8 0 2 0 2
8 0 2 0 2
8 0 2 0 2
8 0 2 0 2
8 5 7 0 2
8 0 7 0 2
8 0 7 0 2
8 0 7 0 2
8 0 7 0 2
8 0 7 0 2
8 0 7 0 2
8 0 7 0 2
8 0 7 0 2
8 0 7 0 2
8 0 7 0 2
8 0 7 0 2
8 0 7 0 2
8 0 7 0 2
8 0 7 0 2
8 0 7 0 2
8 0 7 0 2
8 0 7 0 2
8 0 7 0 2
8 0 7 0 2
8 0 7 0 2
8 0 7 0 2
8 0 7 0 2
8 0 7 0 2
8 0 7 0 2
8 0 7 0 2
8 0 7 0 2
8 0 7 0 2
9 0 7 0 2
9 0 7 0 2
9 0 7 0 2
9 0 7 0 2
9 0 7 0 2
9 0 7 0 2
9 0 7 0 2
9 0 7 0 2
9 0 7 0 2
9 0 7 0 2
9 0 7 0 2
9 0 7 0 2
9 0 7 0 2
9 0 7 0 2
9 0 7 0 2
9 0 7 0 2
9 0 7 0 2
9 0 7 0 2
9 0 7 0 2
9 0 7 0 2
9 0 7 0 2
9 0 7 0 2
9 0 7 0 2
9 0 7 0 2
9 0 7 0 2
9 0 7 0 2
9 0 7 0 2
9 0 7 0 2
9 0 7 0 2
9 0 7 0 2
9 0 7 0 2
9 0 7 0 2
9 0 7 0 2
9 0 7 0 2
9 0 7 0 2
9 0 7 0 2
9 0 7 0 2
9 0 7 0 2
9 0 7 0 2
9 0 7 0 2
9 0 7 0 2
9 0 7 0 2
9 0 7 0 2
10 0 7 0 2
10 0 7 0 2
10 0 7 0 2
10 0 7 0 2
10 0 7 0 2
10 0 7 0 2
10 0 7 0 2
10 0 7 0 2
10 0 7 0 2
10 0 7 0 2
10 0 7 0 2
10 0 7 0 2
10 0 7 0 2
10 0 7 0 2
10 0 7 0 2
10 0 7 0 2
10 0 7 0 2
10 0 7 0 2
10 0 7 0 2
10 0 7 0 2
10 0 7 0 2
10 0 7 0 2
10 0 7 0 2
10 0 7 0 2
10 0 7 0 2
10 0 7 0 2
10 0 7 0 2
10 0 7 0 2
10 0 7 0 2
10 0 7 0 2
10 0 7 0 2
10 0 7 0 2
10 0 7 0 2
10 0 7 0 2
10 0 7 0 2
10 0 7 0 2
10 0 7 0 2
10 0 7 0 2
10 0 7 0 2
10 0 7 0 2
10 0 7 0 2
10 0 7 0 2
10 0 7 0 2
10 0 7 0 2
10 0 7 0 2
10 0 7 0 2
10 0 7 0 2
10 0 7 0 2
10 0 7 0 2
10 0 7 0 2
11 0 7 0 2
11 0 7 0 2
11 0 7 0 2
11 0 7 0 2
11 0 7 0 2
11 0 7 0 2
11 0 7 0 2
11 0 7 0 2
11 0 7 0 2
11 0 7 0 2
11 0 7 0 2
11 0 7 0 2
11 0 7 0 2
11 0 7 0 2
11 0 7 0 2
11 0 7 0 2
11 0 7 0 2
11 0 7 0 2
11 0 7 0 2
11 0 7 0 2
11 0 7 0 2
11 0 7 0 2
11 0 7 0 2
11 0 7 0 2
11 0 7 0 2
11 0 7 0 2
11 0 7 0 2
11 0 7 0 2
11 0 7 0 2
11 0 7 0 2
11 0 7 0 2
11 0 7 0 2
11 0 7 0 2
11 0 7 0 2
11 0 7 0 2
11 0 7 0 2
11 0 7 0 2
11 0 7 0 2
11 0 7 0 2
11 0 7 0 2
11 0 7 0 2
11 0 7 0 2
11 0 7 0 2
11 0 7 0 2
11 0 7 0 2
11 0 7 0 2
11 0 7 0 2
11 0 7 0 2
11 0 7 0 2
11 0 7 0 2
12 0 7 0 2
12 0 7 0 2
12 0 7 0 2
12 0 7 0 2
12 0 7 0 2
12 0 7 0 2
12 0 7 0 2
12 0 7 0 2
12 0 7 0 2
12 0 7 0 2
12 0 7 0 2
12 0 7 0 2
12 0 7 0 2
12 0 7 0 2
12 0 7 0 2
12 0 7 0 2
12 0 7 0 2
12 0 7 0 2
12 0 7 0 2
12 0 7 0 2
12 0 7 0 2
12 0 7 0 2
12 0 7 0 2
12 0 7 0 2
12 0 7 0 2
12 0 7 0 2
12 0 7 0 2
12 0 7 0 2
12 0 7 0 2
12 0 7 0 2
12 0 7 0 2
12 0 7 0 2
12 0 7 0 2
12 0 7 0 2
12 0 7 0 2
12 0 7 0 2
12 0 7 0 2
12 0 7 0 2
12 0 7 0 2
12 0 7 0 2
12 0 7 0 2
12 0 7 0 2
12 0 7 0 2
12 0 7 0 2
12 0 7 0 2
12 0 7 0 2
12 0 7 0 2
12 0 7 0 2
13 0 7 0 2
13 0 7 0 2
13 0 7 0 2
13 0 7 0 2
13 0 7 0 2
13 0 7 0 2
13 0 7 0 2
13 0 7 0 2
13 0 7 0 2
13 0 7 0 2
13 0 7 0 2
13 0 7 0 2
13 0 7 0 2
13 0 7 0 2
13 0 7 0 2
13 0 7 0 2
13 0 7 0 2
13 0 7 0 2
13 0 7 0 2
13 0 7 0 2
13 0 7 0 2
13 0 7 0 2
13 0 7 0 2
13 0 7 0 2
13 0 7 0 2
13 0 7 0 2
13 0 7 0 2
13 0 7 0 2
13 0 7 0 2
13 0 7 0 2
13 0 7 0 2
13 0 7 0 2
13 0 7 0 2
13 0 7 0 2
13 0 7 0 2
13 0 7 0 2
13 0 7 0 2
13 0 7 0 2
13 0 7 0 2
13 0 7 0 2
13 0 7 0 2
13 0 7 0 2
13 0 7 0 2
13 0 7 0 2
13 0 7 0 2
13 0 7 0 2
13 0 7 0 2
13 0 7 0 2
13 0 7 0 2
13 0 7 0 2
13 0 7 0 2
13 0 7 0 2
13 0 7 0 2
13 0 7 0 2
13 0 7 0 2
13 0 7 0 2
13 0 7 0 2
14 0 7 0 2
14 0 7 0 2
14 0 7 0 2
14 0 7 0 2
14 0 7 0 2
14 0 7 0 2
14 0 7 0 2
14 0 7 0 2
14 0 7 0 2
14 0 7 0 2
14 0 7 0 2
14 0 7 0 2
14 0 7 0 2
14 0 7 0 2
14 0 7 0 2
14 0 7 0 2
14 0 7 0 2
14 0 7 0 2
14 0 7 0 2
14 0 7 0 2
14 0 7 0 2
14 0 7 0 2
14 0 7 0 2
14 0 7 0 2
14 0 7 0 2
14 0 7 0 2
14 0 7 0 2
14 0 7 0 2
14 0 7 0 2
14 0 7 0 2
14 0 7 0 2
14 0 7 0 2
14 0 7 0 2
14 0 7 0 2
14 0 7 0 2
14 0 7 0 2
14 0 7 0 2
14 0 7 0 2
14 0 7 0 2
14 0 7 0 2
14 0 7 0 2
14 0 7 0 2
14 0 7 0 2
14 0 7 0 2
14 0 7 0 2
14 0 7 0 2
14 0 7 0 2
14 0 7 0 2
14 0 7 0 2
14 0 7 0 2
15 0 7 0 2
15 0 7 0 2
15 0 7 0 2
15 0 7 0 2
15 0 7 0 2
15 0 7 0 2
15 0 7 0 2
15 0 7 0 2
15 0 7 0 2
15 0 7 0 2
15 0 7 0 2
15 0 7 0 2
15 0 7 0 2
15 0 7 0 2
15 0 7 0 2
15 0 7 0 2
15 0 7 0 2
15 0 7 0 2
15 0 7 0 2
15 0 7 0 2
15 0 7 0 2
15 0 7 0 2
15 0 7 0 2
15 0 7 0 2
15 0 7 0 2
15 0 7 0 2
15 0 7 0 2
15 0 7 0 2
15 0 7 0 2
15 0 7 0 2
15 0 7 0 2
15 0 7 0 2
15 0 7 0 2
15 0 7 0 2
15 0 7 0 2
15 0 7 0 2
15 0 7 0 2
15 0 7 0 2
15 0 7 0 2
15 0 7 0 2
15 0 7 0 2
15 0 7 0 2
15 0 7 0 2
15 0 7 0 2
15 0 7 0 2
15 0 7 0 2
15 0 7 0 2
15 0 7 0 2
15 0 7 0 2
15 0 7 0 2
15 0 7 0 2
15 0 7 0 2
16 0 7 0 2
16 0 7 0 2
16 0 7 0 2
16 0 7 0 2
16 0 7 0 2
16 0 7 0 2
16 0 7 0 2
16 0 7 0 2
16 0 7 0 2
16 0 7 0 2
16 0 7 0 2
16 0 7 0 2
16 0 7 0 2
16 0 7 0 2
16 0 7 0 2
16 0 7 0 2
16 0 7 0 2
16 0 7 0 2
16 0 7 0 2
16 0 7 0 2
16 0 7 0 2
16 0 7 0 2
16 0 7 0 2
16 0 7 0 2
16 0 7 0 2
16 0 7 0 2
16 0 7 0 2
16 0 7 0 2
16 0 7 0 2
16 0 7 0 2
16 0 7 0 2
16 0 7 0 2
16 0 7 0 2
16 0 7 0 2
16 0 7 0 2
16 0 7 0 2
16 0 7 0 2
16 0 7 0 2
16 0 7 0 2
16 0 7 0 2
16 0 7 0 2
16 0 7 0 2
16 0 7 0 2
16 0 7 0 2
16 0 7 0 2
16 0 7 0 2
16 0 7 0 2
16 0 7 0 2
16 0 7 0 2
16 0 7 0 2
16 0 7 0 2
16 0 7 0 2
16 0 7 0 2
16 0 7 0 2
16 0 7 0 2
17 0 7 0 2
17 0 7 0 2
17 0 7 0 2
17 0 7 0 2
17 0 7 0 2
17 0 7 0 2
17 0 7 0 2
17 0 7 0 2
17 0 7 0 2
17 0 7 0 2
17 0 7 0 2
17 0 7 0 2
17 0 7 0 2
17 0 7 0 2
17 0 7 0 2
17 0 7 0 2
17 0 7 0 2
17 0 7 0 2
17 0 7 0 2
17 0 7 0 2
17 0 7 0 2
17 0 7 0 2
17 0 7 0 2
17 0 7 0 2
17 0 7 0 2
17 0 7 0 2
17 0 7 0 2
17 0 7 0 2
17 0 7 0 2
17 0 7 0 2
17 0 7 0 2
17 0 7 0 2
17 0 7 0 2
17 0 7 0 2
17 0 7 0 2
17 0 7 0 2
17 0 7 0 2
17 0 7 0 2
17 0 7 0 2
17 0 7 0 2
17 0 7 0 2
17 0 7 0 2
17 0 7 0 2
17 0 7 0 2
17 0 7 0 2
17 0 7 0 2
17 0 7 0 2
17 0 7 0 2
17 0 7 0 2
17 0 7 0 2
17 0 7 0 2
17 0 7 0 2
17 0 7 0 2
18 0 7 0 2
18 0 7 0 2
18 0 7 0 2
18 0 7 0 2
18 0 7 0 2
18 0 7 0 2
18 0 7 0 2
18 0 7 0 2
18 0 7 0 2
18 0 7 0 2
18 0 7 0 2
18 0 7 0 2
18 0 7 0 2
18 0 7 0 2
18 0 7 0 2
18 0 7 0 2
18 0 7 0 2
18 0 7 0 2
18 0 7 0 2
18 0 7 0 2
18 0 7 0 2
18 0 7 0 2
18 0 7 0 2
18 0 7 0 2
18 0 7 0 2
18 0 7 0 2
18 0 7 0 2
18 0 7 0 2
18 0 7 0 2
18 0 7 0 2
18 0 7 0 2
18 0 7 0 2
18 0 7 0 2
18 0 7 0 2
18 0 7 0 2
18 0 7 0 2
18 0 7 0 2
18 0 7 0 2
18 0 7 0 2
18 0 7 0 2
18 0 7 0 2
18 0 7 0 2
18 0 7 0 2
18 0 7 0 2
18 0 7 0 2
18 0 7 0 2
18 0 7 0 2
18 0 7 0 2
18 0 7 0 2
18 0 7 0 2
18 0 7 0 2
18 0 7 0 2
19 0 7 0 2
19 0 7 0 2
19 0 7 0 2
19 0 7 0 2
19 0 7 0 2
19 0 7 0 2
19 0 7 0 2
19 0 7 0 2
19 0 7 0 2
19 0 7 0 2
19 0 7 0 2
19 0 7 0 2
19 0 7 0 2
19 0 7 0 2
19 0 7 0 2
19 0 7 0 2
19 0 7 0 2
19 0 7 0 2
19 0 7 0 2
19 0 7 0 2
19 0 7 0 2
19 0 7 0 2
19 0 7 0 2
19 0 7 0 2
19 0 7 0 2
19 0 7 0 2
19 0 7 0 2
19 0 7 0 2
19 0 7 0 2
19 0 7 0 2
19 0 7 0 2
19 0 7 0 2
19 0 7 0 2
19 0 7 0 2
19 0 7 0 2
19 0 7 0 2
19 0 7 0 2
19 0 7 0 2
19 0 7 0 2
19 0 7 0 2
19 0 7 0 2
19 0 7 0 2
19 0 7 0 2
19 0 7 0 2
19 0 7 0 2
19 0 7 0 2
19 0 7 0 2
19 0 7 0 2
19 0 7 0 2
20 0 7 0 2
20 0 7 0 2
20 0 7 0 2
20 0 7 0 2
20 0 7 0 2
20 0 7 0 2
20 0 7 0 2
20 0 7 0 2
20 0 7 0 2
20 0 7 0 2
20 0 7 0 2
20 0 7 0 2
20 0 7 0 2
20 0 7 0 2
20 0 7 0 2
20 0 7 0 2
20 0 7 0 2
20 0 7 0 2
20 0 7 0 2
20 0 7 0 2
20 0 7 0 2
20 0 7 0 2
20 0 7 0 2
20 0 7 0 2
20 0 7 0 2
20 0 7 0 2
20 0 7 0 2
20 0 7 0 2
20 0 7 0 2
20 0 7 0 2
20 0 7 0 2
20 0 7 0 2
20 0 7 0 2
20 0 7 0 2
20 0 7 0 2
20 0 7 0 2
20 0 7 0 2
20 0 7 0 2
20 0 7 0 2
20 0 7 0 2
20 0 7 0 2
20 0 7 0 2
20 0 7 0 2
20 0 7 0 2
20 0 7 0 2
20 0 7 0 2
20 0 7 0 2
20 0 7 0 2
20 0 7 0 2
20 0 7 0 2
20 0 7 0 2
20 0 7 0 2
20 0 7 0 2
20 0 7 0 2
21 0 7 0 2
21 0 7 0 2
21 0 7 0 2
21 0 7 0 2
21 0 7 0 2
21 0 7 0 2
21 0 7 0 2
21 0 7 0 2
21 0 7 0 2
21 0 7 0 2
21 0 7 0 2
21 0 7 0 2
21 0 7 0 2
21 0 7 0 2
21 0 7 0 2
21 0 7 0 2
21 0 7 0 2
21 0 7 0 2
21 0 7 0 2
21 0 7 0 2
21 0 7 0 2
21 0 7 0 2
21 0 7 0 2
21 0 7 0 2
21 0 7 0 2
21 0 7 0 2
21 0 7 0 2
21 0 7 0 2
21 0 7 0 2
21 0 7 0 2
21 0 7 0 2
21 0 7 0 2
21 0 7 0 2
21 0 7 0 2
21 0 7 0 2
21 0 7 0 2
21 0 7 0 2
21 0 7 0 2
21 0 7 0 2
21 0 7 0 2
21 0 7 0 2
21 0 7 0 2
21 0 7 0 2
21 0 7 0 2
21 0 7 0 2
21 0 7 0 2
21 0 7 0 2
21 0 7 0 2
21 0 7 0 2
21 0 7 0 2
21 0 7 0 2
21 0 7 0 2
22 0 7 0 2
22 0 7 0 2
22 0 7 0 2
22 0 7 0 2
22 0 7 0 2
22 0 7 0 2
22 0 7 0 2
22 0 7 0 2
22 0 7 0 2
22 0 7 0 2
22 0 7 0 2
22 0 7 0 2
22 0 7 0 2
22 0 7 0 2
22 0 7 0 2
22 0 7 0 2
22 0 7 0 2
22 0 7 0 2
22 0 7 0 2
22 0 7 0 2
22 0 7 0 2
22 0 7 0 2
22 0 7 0 2
22 0 7 0 2
22 0 7 0 2
22 0 7 0 2
22 0 7 0 2
22 0 7 0 2
22 0 7 0 2
22 0 7 0 2
22 0 7 0 2
22 0 7 0 2
22 0 7 0 2
22 0 7 0 2
22 0 7 0 2
22 0 7 0 2
22 0 7 0 2
22 0 7 0 2
22 0 7 0 2
22 0 7 0 2
22 0 7 0 2
22 0 7 0 2
22 0 7 0 2
22 0 7 0 2
22 0 7 0 2
22 0 7 0 2
22 0 7 0 2
22 0 7 0 2
22 0 7 0 2
22 0 7 0 2
22 0 7 0 2
22 0 7 0 2
22 0 7 0 2
22 0 7 0 2
22 0 7 0 2
22 0 7 0 2
22 0 7 0 2
22 0 7 0 2
23 0 7 0 2
23 0 7 0 2
23 0 7 0 2
23 0 7 0 2
23 0 7 0 2
23 0 7 0 2
23 0 7 0 2
23 0 7 0 2
23 0 7 0 2
23 0 7 0 2
23 0 7 0 2
23 0 7 0 2
23 0 7 0 2
23 0 7 0 2
23 0 7 0 2
23 0 7 0 2
23 0 7 0 2
23 0 7 0 2
23 0 7 0 2
23 0 7 0 2
23 0 7 0 2
23 0 7 0 2
23 0 7 0 2
23 0 7 0 2
23 0 7 0 2
23 0 7 0 2
23 0 7 0 2
23 0 7 0 2
23 0 7 0 2
23 0 7 0 2
23 0 7 0 2
23 0 7 0 2
23 0 7 0 2
23 0 7 0 2
23 0 7 0 2
23 0 7 0 2
23 0 7 0 2
23 0 7 0 2
23 0 7 0 2
23 0 7 0 2
23 0 7 0 2
23 0 7 0 2
23 0 7 0 2
23 0 7 0 2
23 0 7 0 2
23 0 7 0 2
23 0 7 0 2
23 0 7 0 2
23 0 7 0 2
23 0 7 0 2
23 0 7 0 2
23 0 7 0 2
23 0 7 0 2
23 0 7 0 2
23 0 7 0 2
23 0 7 0 2
23 0 7 0 2
24 0 7 0 2
24 0 7 0 2
24 0 7 0 2
24 0 7 0 2
24 0 7 0 2
24 0 7 0 2
24 0 7 0 2
24 0 7 0 2
24 0 7 0 2
24 0 7 0 2
24 0 7 0 2
24 0 7 0 2
24 0 7 0 2
24 0 7 0 2
24 0 7 0 2
24 0 7 0 2
24 0 7 0 2
24 0 7 0 2
24 0 7 0 2
24 0 7 0 2
24 0 7 0 2
24 0 7 0 2
24 0 7 0 2
24 0 7 0 2
24 0 7 0 2
24 0 7 0 2
24 0 7 0 2
24 0 7 0 2
24 0 7 0 2
24 0 7 0 2
24 0 7 0 2
24 0 7 0 2
24 0 7 0 2
24 0 7 0 2
24 0 7 0 2
24 0 7 0 2
24 0 7 0 2
24 0 7 0 2
24 0 7 0 2
24 0 7 0 2
24 0 7 0 2
24 0 7 0 2
24 0 7 0 2
24 0 7 0 2
24 0 7 0 2
24 0 7 0 2
24 0 7 0 2
24 0 7 0 2
24 0 7 0 2
24 0 7 0 2
24 0 7 0 2
24 0 7 0 2
24 0 7 0 2
24 0 7 0 2
24 0 7 0 2
25 0 7 0 2
25 0 7 0 2
25 0 7 0 2
25 0 7 0 2
25 0 7 0 2
25 0 7 0 2
25 0 7 0 2
25 0 7 0 2
25 0 7 0 2
25 0 7 0 2
25 0 7 0 2
25 0 7 0 2
25 0 7 0 2
25 0 7 0 2
25 0 7 0 2
25 0 7 0 2
25 0 7 0 2
25 0 7 0 2
25 0 7 0 2
25 0 7 0 2
25 0 7 0 2
25 0 7 0 2
25 0 7 0 2
25 0 7 0 2
25 0 7 0 2
25 0 7 0 2
25 0 7 0 2
25 0 7 0 2
25 0 7 0 2
25 0 7 0 2
25 0 7 0 2
25 0 7 0 2
25 0 7 0 2
25 0 7 0 2
25 0 7 0 2
25 0 7 0 2
25 0 7 0 2
25 0 7 0 2
25 0 7 0 2
25 0 7 0 2
25 0 7 0 2
25 0 7 0 2
25 0 7 0 2
25 0 7 0 2
25 0 7 0 2
25 0 7 0 2
25 0 7 0 2
25 0 7 0 2
25 0 7 0 2
25 0 7 0 2
25 0 7 0 2
25 0 7 0 2
25 0 7 0 2
25 0 7 0 2
25 0 7 0 2
25 0 7 0 2
26 0 7 0 2
26 0 7 0 2
26 0 7 0 2
26 0 7 0 2
26 0 7 0 2
26 0 7 0 2
26 0 7 0 2
26 0 7 0 2
26 0 7 0 2
26 0 7 0 2
26 0 7 0 2
26 0 7 0 2
26 0 7 0 2
26 0 7 0 2
26 0 7 0 2
26 0 7 0 2
26 0 7 0 2
26 0 7 0 2
26 0 7 0 2
26 0 7 0 2
26 0 7 0 2
26 0 7 0 2
26 0 7 0 2
26 0 7 0 2
26 0 7 0 2
26 0 7 0 2
26 0 7 0 2
26 0 7 0 2
26 0 7 0 2
26 0 7 0 2
26 0 7 0 2
26 0 7 0 2
26 0 7 0 2
26 0 7 0 2
26 0 7 0 2
26 0 7 0 2
26 0 7 0 2
26 0 7 0 2
26 0 7 0 2
26 0 7 0 2
26 0 7 0 2
26 0 7 0 2
26 0 7 0 2
26 0 7 0 2
26 0 7 0 2
26 0 7 0 2
26 0 7 0 2
26 0 7 0 2
26 0 7 0 2
26 0 7 0 2
26 0 7 0 2
26 0 7 0 2
26 0 7 0 2
26 0 7 0 2
26 0 7 0 2
26 0 7 0 2
26 0 7 0 2
27 0 7 0 2
27 0 7 0 2
27 0 7 0 2
27 0 7 0 2
27 0 7 0 2
27 0 7 0 2
27 0 7 0 2
27 0 7 0 2
27 0 7 0 2
27 0 7 0 2
27 0 7 0 2
27 0 7 0 2
27 0 7 0 2
27 0 7 0 2
27 0 7 0 2
27 0 7 0 2
27 0 7 0 2
27 0 7 0 2
27 0 7 0 2
27 0 7 0 2
27 0 7 0 2
27 0 7 0 2
27 0 7 0 2
27 0 7 0 2
27 0 7 0 2
27 0 7 0 2
27 0 7 0 2
27 0 7 0 2
27 0 7 0 2
27 0 7 0 2
27 0 7 0 2
27 0 7 0 2
27 0 7 0 2
27 0 7 0 2
27 0 7 0 2
27 0 7 0 2
27 0 7 0 2
27 0 7 0 2
27 0 7 0 2
27 0 7 0 2
27 0 7 0 2
27 0 7 0 2
27 0 7 0 2
27 0 7 0 2
27 0 7 0 2
27 0 7 0 2
27 0 7 0 2
27 0 7 0 2
27 0 7 0 2
27 0 7 0 2
27 0 7 0 2
27 0 7 0 2
27 0 7 0 2
27 0 7 0 2
27 0 7 0 2
27 0 7 0 2
27 0 7 0 2
28 0 7 0 2
28 0 7 0 2
28 0 7 0 2
28 0 7 0 2
28 0 7 0 2
28 0 7 0 2
28 0 7 0 2
28 0 7 0 2
28 0 7 0 2
28 0 7 0 2
28 0 7 0 2
28 0 7 0 2
28 0 7 0 2
28 0 7 0 2
28 0 7 0 2
28 0 7 0 2
28 0 7 0 2
28 0 7 0 2
28 0 7 0 2
28 0 7 0 2
28 0 7 0 2
28 0 7 0 2
28 0 7 0 2
28 0 7 0 2
28 0 7 0 2
28 0 7 0 2
28 0 7 0 2
28 0 7 0 2
28 0 7 0 2
28 0 7 0 2
28 0 7 0 2
28 0 7 0 2
28 0 7 0 2
28 0 7 0 2
28 0 7 0 2
28 0 7 0 2
28 0 7 0 2
28 0 7 0 2
28 0 7 0 2
28 0 7 0 2
28 0 7 0 2
28 0 7 0 2
28 0 7 0 2
28 0 7 0 2
28 0 7 0 2
28 0 7 0 2
28 0 7 0 2
28 0 7 0 2
28 0 7 0 2
28 0 7 0 2
28 0 7 0 2
28 0 7 0 2
28 0 7 0 2
28 0 7 0 2
28 0 7 0 2
28 0 7 0 2
28 0 7 0 2
28 0 7 0 2
29 0 7 0 2
29 0 7 0 2
29 0 7 0 2
29 0 7 0 2
29 0 7 0 2
29 0 7 0 2
29 0 7 0 2
29 0 7 0 2
29 0 7 0 2
29 0 7 0 2
29 0 7 0 2
29 0 7 0 2
29 0 7 0 2
29 0 7 0 2
29 0 7 0 2
29 0 7 0 2
29 0 7 0 2
29 0 7 0 2
29 0 7 0 2
29 0 7 0 2
29 0 7 0 2
29 0 7 0 2
29 0 7 0 2
29 0 7 0 2
29 0 7 0 2
29 0 7 0 2
29 0 7 0 2
29 0 7 0 2
29 0 7 0 2
29 0 7 0 2
29 0 7 0 2
29 0 7 0 2
29 0 7 0 2
29 0 7 0 2
29 0 7 0 2
29 0 7 0 2
29 0 7 0 2
29 0 7 0 2
29 0 7 0 2
29 0 7 0 2
29 0 7 0 2
29 0 7 0 2
29 0 7 0 2
29 0 7 0 2
29 0 7 0 2
29 0 7 0 2
29 0 7 0 2
29 0 7 0 2
29 0 7 0 2
29 0 7 0 2
29 0 7 0 2
29 0 7 0 2
29 0 7 0 2
29 0 7 0 2
29 0 7 0 2
30 0 7 0 2
30 0 7 0 2
30 0 7 0 2
30 0 7 0 2
30 0 7 0 2
30 0 7 0 2
30 0 7 0 2
30 0 7 0 2
30 0 7 0 2
30 0 7 0 2
30 0 7 0 2
30 0 7 0 2
30 0 7 0 2
30 0 7 0 2
30 0 7 0 2
30 0 7 0 2
30 0 7 0 2
30 0 7 0 2
30 0 7 0 2
30 0 7 0 2
30 0 7 0 2
30 0 7 0 2
30 0 7 0 2
30 0 7 0 2
30 0 7 0 2
30 0 7 0 2
30 0 7 0 2
30 0 7 0 2
30 0 7 0 2
30 0 7 0 2
30 0 7 0 2
30 0 7 0 2
30 0 7 0 2
30 0 7 0 2
30 0 7 0 2
30 0 7 0 2
30 0 7 0 2
30 0 7 0 2
30 0 7 0 2
30 0 7 0 2
30 0 7 0 2
30 0 7 0 2
30 0 7 0 2
30 0 7 0 2
30 0 7 0 2
30 0 7 0 2
30 0 7 0 2
30 0 7 0 2
30 0 7 0 2
30 0 7 0 2
30 0 7 0 2
30 0 7 0 2
30 0 7 0 2
30 0 7 0 2
30 0 7 0 2
30 0 7 0 2
30 0 7 0 2
31 0 7 0 2
31 0 7 0 2
31 0 7 0 2
31 0 7 0 2
31 0 7 0 2
31 0 7 0 2
31 0 7 0 2
31 0 7 0 2
31 0 7 0 2
31 0 7 0 2
31 0 7 0 2
31 0 7 0 2
31 0 7 0 2
31 0 7 0 2
31 0 7 0 2
31 0 7 0 2
31 0 7 0 2
31 0 7 0 2
31 0 7 0 2
31 0 7 0 2
31 0 7 0 2
31 0 7 0 2
31 0 7 0 2
31 0 7 0 2
31 0 7 0 2
31 0 7 0 2
31 0 7 0 2
31 0 7 0 2
31 0 7 0 2
31 0 7 0 2
31 0 7 0 2
31 0 7 0 2
31 0 7 0 2
31 0 7 0 2
31 0 7 0 2
31 0 7 0 2
31 0 7 0 2
31 0 7 0 2
31 0 7 0 2
31 0 7 0 2
31 0 7 0 2
31 0 7 0 2
31 0 7 0 2
31 0 7 0 2
31 0 7 0 2
31 0 7 0 2
31 0 7 0 2
31 0 7 0 2
31 0 7 0 2
31 0 7 0 2
31 0 7 0 2
31 0 7 0 2
31 0 7 0 2
31 0 7 0 2
31 0 7 0 2
32 0 7 0 2
32 0 7 0 2
32 0 7 0 2
32 0 7 0 2
32 0 7 0 2
32 0 7 0 2
32 0 7 0 2
32 0 7 0 2
32 0 7 0 2
32 0 7 0 2
32 0 7 0 2
32 0 7 0 2
32 0 7 0 2
32 0 7 0 2
32 0 7 0 2
32 0 7 0 2
32 0 7 0 2
32 0 7 0 2
32 0 7 0 2
32 0 7 0 2
32 0 7 0 2
32 0 7 0 2
32 0 7 0 2
32 0 7 0 2
32 0 7 0 2
32 0 7 0 2
32 0 7 0 2
32 0 7 0 2
32 0 7 0 2
32 0 7 0 2
32 0 7 0 2
32 0 7 0 2
32 0 7 0 2
32 0 7 0 2
32 0 7 0 2
32 0 7 0 2
32 0 7 0 2
32 0 7 0 2
32 0 7 0 2
32 0 7 0 2
32 0 7 0 2
32 0 7 0 2
32 0 7 0 2
32 0 7 0 2
32 0 7 0 2
32 0 7 0 2
32 0 7 0 2
32 0 7 0 2
32 0 7 0 2
32 0 7 0 2
32 0 7 0 2
32 0 7 0 2
32 0 7 0 2
32 0 7 0 2
32 0 7 0 2
33 0 7 0 2
33 0 7 0 2
33 0 7 0 2
33 0 7 0 2
33 0 7 0 2
33 0 7 0 2
33 0 7 0 2
33 0 7 0 2
33 0 7 0 2
33 0 7 0 2
33 0 7 0 2
33 0 7 0 2
33 0 7 0 2
33 0 7 0 2
33 0 7 0 2
33 0 7 0 2
33 0 7 0 2
33 0 7 0 2
33 0 7 0 2
33 0 7 0 2
33 0 7 0 2
33 0 7 0 2
33 0 7 0 2
33 0 7 0 2
33 0 7 0 2
33 0 7 0 2
33 0 7 0 2
33 0 7 0 2
33 0 7 0 2
33 0 7 0 2
33 0 7 0 2
33 0 7 0 2
33 0 7 0 2
33 0 7 0 2
33 0 7 0 2
33 0 7 0 2
33 0 7 0 2
33 0 7 0 2
33 0 7 0 2
33 0 7 0 2
33 0 7 0 2
33 0 7 0 2
33 0 7 0 2
33 0 7 0 2
33 0 7 0 2
33 0 7 0 2
33 0 7 0 2
33 0 7 0 2
33 0 7 0 2
33 0 7 0 2
33 0 7 0 2
33 0 7 0 2
33 0 7 0 2
34 0 7 0 2
34 0 7 0 2
34 0 7 0 2
34 0 7 0 2
34 0 7 0 2
34 0 7 0 2
34 0 7 0 2
34 0 7 0 2
34 0 7 0 2
34 0 7 0 2
34 0 7 0 2
34 0 7 0 2
34 0 7 0 2
34 0 7 0 2
34 0 7 0 2
34 0 7 0 2
34 0 7 0 2
34 0 7 0 2
34 0 7 0 2
34 0 7 0 2
34 0 7 0 2
34 0 7 0 2
34 0 7 0 2
34 0 7 0 2
34 0 7 0 2
34 0 7 0 2
34 0 7 0 2
34 0 7 0 2
34 0 7 0 2
34 0 7 0 2
34 0 7 0 2
34 0 7 0 2
34 0 7 0 2
34 0 7 0 2
34 0 7 0 2
34 0 7 0 2
34 0 7 0 2
34 0 7 0 2
34 0 7 0 2
34 0 7 0 2
34 0 7 0 2
34 0 7 0 2
34 0 7 0 2
34 0 7 0 2
34 0 7 0 2
34 0 7 0 2
34 0 7 0 2
34 0 7 0 2
34 0 7 0 2
34 0 7 0 2
34 0 7 0 2
34 0 7 0 2
35 0 7 0 2
35 0 7 0 2
35 0 7 0 2
35 0 7 0 2
35 0 7 0 2
35 0 7 0 2
35 0 7 0 2
35 0 7 0 2
35 0 7 0 2
35 0 7 0 2
35 0 7 0 2
35 0 7 0 2
35 0 7 0 2
35 0 7 0 2
35 0 7 0 2
35 0 7 0 2
35 0 7 0 2
35 0 7 0 2
35 0 7 0 2
35 0 7 0 2
35 0 7 0 2
35 0 7 0 2
35 0 7 0 2
35 0 7 0 2
35 0 7 0 2
35 0 7 0 2
35 0 7 0 2
35 0 7 0 2
35 0 7 0 2
35 0 7 0 2
35 0 7 0 2
35 0 7 0 2
35 0 7 0 2
35 0 7 0 2
35 0 7 0 2
35 0 7 0 2
35 0 7 0 2
35 0 7 0 2
35 0 7 0 2
35 0 7 0 2
35 0 7 0 2
35 0 7 0 2
35 0 7 0 2
35 0 7 0 2
35 0 7 0 2
35 0 7 0 2
35 0 7 0 2
36 0 7 0 2
36 0 7 0 2
36 0 7 0 2
36 0 7 0 2
36 0 7 0 2
36 0 7 0 2
36 0 7 0 2
36 0 7 0 2
36 0 7 0 2
36 0 7 0 2
36 0 7 0 2
36 0 7 0 2
36 0 7 0 2
36 0 7 0 2
36 0 7 0 2
36 0 7 0 2
36 0 7 0 2
36 0 7 0 2
36 0 7 0 2
36 0 7 0 2
36 0 7 0 2
36 0 7 0 2
36 0 7 0 2
36 0 7 0 2
36 0 7 0 2
36 0 7 0 2
36 0 7 0 2
36 0 7 0 2
36 0 7 0 2
36 0 7 0 2
36 0 7 0 2
36 0 7 0 2
36 0 7 0 2
36 0 7 0 2
36 0 7 0 2
36 0 7 0 2
36 0 7 0 2
36 0 7 0 2
36 0 7 0 2
36 0 7 0 2
36 0 7 0 2
36 0 7 0 2
36 0 7 0 2
37 0 7 0 2
37 0 7 0 2
37 0 7 0 2
37 0 7 0 2
37 0 7 0 2
37 0 7 0 2
37 0 7 0 2
37 0 7 0 2
37 0 7 0 2
37 0 7 0 2
37 0 7 0 2
37 0 7 0 2
37 0 7 0 2
37 0 7 0 2
37 0 7 0 2
37 0 7 0 2
37 0 7 0 2
37 0 7 0 2
37 0 7 0 2
37 0 7 0 2
37 0 7 0 2
37 0 7 0 2
37 0 7 0 2
37 0 7 0 2
37 0 7 0 2
37 0 7 0 2
37 0 7 0 2
37 0 7 0 2
37 0 7 0 2
37 0 7 0 2
37 0 7 0 2
37 0 7 0 2
37 0 7 0 2
37 0 7 0 2
37 0 7 0 2
37 0 7 0 2
37 0 7 0 2
37 0 7 0 2
37 0 7 0 2
37 0 7 0 2
37 0 7 0 2
37 0 7 0 2
37 0 7 0 2
37 0 7 0 2
37 0 7 0 2
37 0 7 0 2
38 0 7 0 2
38 0 7 0 2
38 0 7 0 2
38 0 7 0 2
38 0 7 0 2
38 0 7 0 2
38 0 7 0 2
38 0 7 0 2
38 0 7 0 2
38 0 7 0 2
38 0 7 0 2
38 0 7 0 2
38 0 7 0 2
38 0 7 0 2
38 0 7 0 2
38 0 7 0 2
38 0 7 0 2
38 0 7 0 2
38 0 7 0 2
38 0 7 0 2
38 0 7 0 2
38 0 7 0 2
38 0 7 0 2
38 0 7 0 2
38 0 7 0 2
38 0 7 0 2
38 0 7 0 2
38 0 7 0 2
38 0 7 0 2
38 0 7 0 2
38 0 7 0 2
38 0 7 0 2
38 0 7 0 2
38 0 7 0 2
38 0 7 0 2
38 0 7 0 2
38 0 7 0 2
38 0 7 0 2
38 0 7 0 2
38 0 7 0 2
38 0 7 0 2
38 0 7 0 2
38 0 7 0 2
38 0 7 0 2
38 0 7 0 2
38 0 7 0 2
38 0 7 0 2
38 0 7 0 2
38 0 7 0 2
39 0 7 0 2
39 0 7 0 2
39 0 7 0 2
39 0 7 0 2
39 0 7 0 2
39 0 7 0 2
39 0 7 0 2
39 0 7 0 2
39 0 7 0 2
39 0 7 0 2
39 0 7 0 2
39 0 7 0 2
39 0 7 0 2
39 0 7 0 2
39 0 7 0 2
39 0 7 0 2
39 0 7 0 2
39 0 7 0 2
39 0 7 0 2
39 0 7 0 2
39 0 7 0 2
39 0 7 0 2
39 0 7 0 2
39 0 7 0 2
39 0 7 0 2
39 0 7 0 2
39 0 7 0 2
39 0 7 0 2
39 0 7 0 2
39 0 7 0 2
39 0 7 0 2
39 0 7 0 2
39 0 7 0 2
39 0 7 0 2
39 0 7 0 2
39 0 7 0 2
39 0 7 0 2
39 0 7 0 2
39 0 7 0 2
39 0 7 0 2
39 0 7 0 2
39 0 7 0 2
39 0 7 0 2
39 0 7 0 2
39 0 7 0 2
39 0 7 0 2
39 0 7 0 2
39 0 7 0 2
40 0 7 0 2
40 0 7 0 2
40 0 7 0 2
40 0 7 0 2
40 0 7 0 2
40 0 7 0 2
40 0 7 0 2
40 0 7 0 2
40 0 7 0 2
40 0 7 0 2
40 0 7 0 2
40 0 7 0 2
40 0 7 0 2
40 0 7 0 2
40 0 7 0 2
40 0 7 0 2
40 0 7 0 2
40 0 7 0 2
40 0 7 0 2
40 0 7 0 2
40 0 7 0 2
40 0 7 0 2
40 0 7 0 2
40 0 7 0 2
40 0 7 0 2
40 0 7 0 2
40 0 7 0 2
40 0 7 0 2
40 0 7 0 2
40 0 7 0 2
41 0 7 0 2
41 0 7 0 2
41 0 7 0 2
41 0 7 0 2
41 0 7 0 2
41 0 7 0 2
41 0 7 0 2
41 0 7 0 2
41 0 7 0 2
41 0 7 0 2
41 0 7 0 2
41 0 7 0 2
41 0 7 0 2
41 0 7 0 2
41 0 7 0 2
41 0 7 0 2
41 0 7 0 2
41 0 7 0 2
41 0 7 0 2
41 0 7 0 2
41 0 7 0 2
41 0 7 0 2
41 0 7 0 2
41 0 7 0 2
41 0 7 0 2
41 0 7 0 2
41 0 7 0 2
41 0 7 0 2
41 0 7 0 2
41 0 7 0 2
41 0 7 0 2
41 0 7 0 2
41 0 7 0 2
41 0 7 0 2
41 0 7 0 2
41 0 7 0 2
41 0 7 0 2
41 0 7 0 2
41 0 7 0 2
41 0 7 0 2
41 0 7 0 2
41 0 7 0 2
41 0 7 0 2
41 0 7 0 2
41 0 7 0 2
41 0 7 0 2
41 0 7 0 2
42 0 7 0 2
42 0 7 0 2
42 0 7 0 2
42 0 7 0 2
42 0 7 0 2
42 0 7 0 2
42 0 7 0 2
42 0 7 0 2
42 0 7 0 2
42 0 7 0 2
42 0 7 0 2
42 0 7 0 2
42 0 7 0 2
42 0 7 0 2
42 0 7 0 2
42 0 7 0 2
42 0 7 0 2
42 0 7 0 2
42 0 7 0 2
42 0 7 0 2
42 0 7 0 2
42 0 7 0 2
42 0 7 0 2
42 0 7 0 2
42 0 7 0 2
42 0 7 0 2
42 0 7 0 2
42 0 7 0 2
42 0 7 0 2
42 0 7 0 2
43 0 7 0 2
43 0 7 0 2
43 0 7 0 2
43 0 7 0 2
43 0 7 0 2
43 0 7 0 2
43 0 7 0 2
43 0 7 0 2
43 0 7 0 2
43 0 7 0 2
43 0 7 0 2
43 0 7 0 2
43 0 7 0 2
43 0 7 0 2
43 0 7 0 2
43 0 7 0 2
43 0 7 0 2
43 0 7 0 2
43 0 7 0 2
43 0 7 0 2
43 0 7 0 2
43 0 7 0 2
43 0 7 0 2
43 0 7 0 2
43 0 7 0 2
43 0 7 0 2
43 0 7 0 2
43 0 7 0 2
43 0 7 0 2
43 0 7 0 2
43 0 7 0 2
43 0 7 0 2
43 0 7 0 2
43 0 7 0 2
43 0 7 0 2
43 0 7 0 2
43 0 7 0 2
43 0 7 0 2
43 0 7 0 2
43 0 7 0 2
43 0 7 0 2
43 0 7 0 2
43 0 7 0 2
43 0 7 0 2
43 0 7 0 2
43 0 7 0 2
43 0 7 0 2
43 0 7 0 2
43 0 7 0 2
43 0 7 0 2
44 0 7 0 2
44 0 7 0 2
44 0 7 0 2
44 0 7 0 2
44 0 7 0 2
44 0 7 0 2
44 0 7 0 2
44 0 7 0 2
44 0 7 0 2
44 0 7 0 2
44 0 7 0 2
44 0 7 0 2
44 0 7 0 2
44 0 7 0 2
44 0 7 0 2
44 0 7 0 2
44 0 7 0 2
44 0 7 0 2
44 0 7 0 2
44 0 7 0 2
44 0 7 0 2
44 0 7 0 2
44 0 7 0 2
44 0 7 0 2
44 0 7 0 2
44 0 7 0 2
44 0 7 0 2
44 0 7 0 2
44 0 7 0 2
44 0 7 0 2
44 0 7 0 2
44 0 7 0 2
44 0 7 0 2
44 0 7 0 2
44 0 7 0 2
44 0 7 0 2
44 0 7 0 2
44 0 7 0 2
44 0 7 0 2
44 0 7 0 2
44 0 7 0 2
44 0 7 0 2
44 0 7 0 2
44 0 7 0 2
44 0 7 0 2
44 0 7 0 2
44 0 7 0 2
44 0 7 0 2
44 0 7 0 2
44 0 7 0 2
44 0 7 0 2
44 0 7 0 2
44 0 7 0 2
45 0 7 0 2
45 0 7 0 2
45 0 7 0 2
45 0 7 0 2
45 0 7 0 2
45 0 7 0 2
45 0 7 0 2
45 0 7 0 2
45 0 7 0 2
45 0 7 0 2
45 0 7 0 2
45 0 7 0 2
45 0 7 0 2
45 0 7 0 2
45 0 7 0 2
45 0 7 0 2
45 0 7 0 2
45 0 7 0 2
45 0 7 0 2
45 0 7 0 2
45 0 7 0 2
45 0 7 0 2
45 0 7 0 2
45 0 7 0 2
45 0 7 0 2
45 0 7 0 2
45 0 7 0 2
45 0 7 0 2
45 0 7 0 2
45 0 7 0 2
45 0 7 0 2
45 0 7 0 2
45 0 7 0 2
45 0 7 0 2
45 0 7 0 2
45 0 7 0 2
45 0 7 0 2
45 0 7 0 2
45 0 7 0 2
45 0 7 0 2
45 0 7 0 2
45 0 7 0 2
45 0 7 0 2
45 0 7 0 2
45 0 7 0 2
45 0 7 0 2
45 0 7 0 2
45 0 7 0 2
45 0 7 0 2
45 0 7 0 2
45 0 7 0 2
45 0 7 0 2
45 0 7 0 2
45 0 7 0 2
45 0 7 0 2
46 0 7 0 2
46 0 7 0 2
46 0 7 0 2
46 0 7 0 2
46 0 7 0 2
46 0 7 0 2
46 0 7 0 2
46 0 7 0 2
46 0 7 0 2
46 0 7 0 2
46 0 7 0 2
46 0 7 0 2
46 0 7 0 2
46 0 7 0 2
46 0 7 0 2
46 0 7 0 2
46 0 7 0 2
46 0 7 0 2
46 0 7 0 2
46 0 7 0 2
46 0 7 0 2
46 0 7 0 2
46 0 7 0 2
46 0 7 0 2
46 0 7 0 2
46 0 7 0 2
46 0 7 0 2
46 0 7 0 2
46 0 7 0 2
46 0 7 0 2
46 0 7 0 2
46 0 7 0 2
46 0 7 0 2
46 0 7 0 2
46 0 7 0 2
46 0 7 0 2
46 0 7 0 2
46 0 7 0 2
46 0 7 0 2
46 0 7 0 2
46 0 7 0 2
46 0 7 0 2
46 0 7 0 2
46 0 7 0 2
46 0 7 0 2
46 0 7 0 2
46 0 7 0 2
46 0 7 0 2
46 0 7 0 2
46 0 7 0 2
46 0 7 0 2
46 0 7 0 2
46 0 7 0 2
46 0 7 0 2
46 0 7 0 2
46 0 7 0 2
46 0 7 0 2
47 0 7 0 2
47 0 7 0 2
47 0 7 0 2
47 0 7 0 2
47 0 7 0 2
47 0 7 0 2
47 0 7 0 2
47 0 7 0 2
47 0 7 0 2
47 0 7 0 2
47 0 7 0 2
47 0 7 0 2
47 0 7 0 2
47 0 7 0 2
47 0 7 0 2
47 0 7 0 2
47 0 7 0 2
47 0 7 0 2
47 0 7 0 2
47 0 7 0 2
47 0 7 0 2
47 0 7 0 2
47 0 7 0 2
47 0 7 0 2
47 0 7 0 2
47 0 7 0 2
47 0 7 0 2
47 0 7 0 2
47 0 7 0 2
47 0 7 0 2
47 0 7 0 2
47 0 7 0 2
47 0 7 0 2
47 0 7 0 2
47 0 7 0 2
47 0 7 0 2
47 0 7 0 2
47 0 7 0 2
47 0 7 0 2
47 0 7 0 2
47 0 7 0 2
47 0 7 0 2
47 0 7 0 2
47 0 7 0 2
47 0 7 0 2
47 0 7 0 2
47 0 7 0 2
47 0 7 0 2
47 0 7 0 2
47 0 7 0 2
47 0 7 0 2
47 0 7 0 2
47 0 7 0 2
47 0 7 0 2
47 0 7 0 2
48 0 7 0 2
48 0 7 0 2
48 0 7 0 2
48 0 7 0 2
48 0 7 0 2
48 0 7 0 2
48 0 7 0 2
48 0 7 0 2
48 0 7 0 2
48 0 7 0 2
48 0 7 0 2
48 0 7 0 2
48 0 7 0 2
48 0 7 0 2
48 0 7 0 2
48 0 7 0 2
48 0 7 0 2
48 0 7 0 2
48 0 7 0 2
48 0 7 0 2
48 0 7 0 2
48 0 7 0 2
48 0 7 0 2
48 0 7 0 2
48 0 7 0 2
48 0 7 0 2
48 0 7 0 2
48 0 7 0 2
48 0 7 0 2
48 0 7 0 2
48 0 7 0 2
48 0 7 0 2
48 0 7 0 2
48 0 7 0 2
48 0 7 0 2
48 0 7 0 2
48 0 7 0 2
48 0 7 0 2
48 0 7 0 2
48 0 7 0 2
48 0 7 0 2
48 0 7 0 2
48 0 7 0 2
48 0 7 0 2
48 0 7 0 2
48 0 7 0 2
48 0 7 0 2
48 0 7 0 2
48 0 7 0 2
48 0 7 0 2
48 0 7 0 2
48 0 7 0 2
48 0 7 0 2
49 0 7 0 2
49 0 7 0 2
49 0 7 0 2
49 0 7 0 2
49 0 7 0 2
49 0 7 0 2
49 0 7 0 2
49 0 7 0 2
49 0 7 0 2
49 0 7 0 2
49 0 7 0 2
49 0 7 0 2
49 0 7 0 2
49 0 7 0 2
49 0 7 0 2
49 0 7 0 2
49 0 7 0 2
49 0 7 0 2
49 0 7 0 2
49 0 7 0 2
49 0 7 0 2
49 0 7 0 2
49 0 7 0 2
49 0 7 0 2
49 0 7 0 2
49 0 7 0 2
49 0 7 0 2
49 0 7 0 2
49 0 7 0 2
49 0 7 0 2
49 0 7 0 2
49 0 7 0 2
49 0 7 0 2
49 0 7 0 2
49 0 7 0 2
49 0 7 0 2
49 0 7 0 2
49 0 7 0 2
49 0 7 0 2
49 0 7 0 2
49 0 7 0 2
49 0 7 0 2
49 0 7 0 2
49 0 7 0 2
49 0 7 0 2
49 0 7 0 2
49 0 7 0 2
49 0 7 0 2
49 0 7 0 2
49 0 7 0 2
49 0 7 0 2
50 0 7 0 2
50 0 7 0 2
50 0 7 0 2
50 0 7 0 2
50 0 7 0 2
50 0 7 0 2
50 0 7 0 2
50 0 7 0 2
50 0 7 0 2
50 0 7 0 2
50 0 7 0 2
50 0 7 0 2
50 0 7 0 2
50 0 7 0 2
50 0 7 0 2
50 0 7 0 2
50 0 7 0 2
50 0 7 0 2
50 0 7 0 2
50 0 7 0 2
50 0 7 0 2
50 0 7 0 2
50 0 7 0 2
50 0 7 0 2
50 0 7 0 2
50 0 7 0 2
50 0 7 0 2
50 0 7 0 2
50 0 7 0 2
50 0 7 0 2
50 0 7 0 2
50 0 7 0 2
50 0 7 0 2
50 0 7 0 2
50 0 7 0 2
50 0 7 0 2
50 0 7 0 2
50 0 7 0 2
50 0 7 0 2
50 0 7 0 2
50 0 7 0 2
50 0 7 0 2
50 0 7 0 2
50 0 7 0 2
50 0 7 0 2
50 0 7 0 2
50 0 7 0 2
50 0 7 0 2
50 0 7 0 2
50 0 7 0 2
50 0 7 0 2
50 0 7 0 2
51 0 7 0 2
51 0 7 0 2
51 0 7 0 2
51 0 7 0 2
51 0 7 0 2
51 0 7 0 2
51 0 7 0 2
51 0 7 0 2
51 0 7 0 2
51 0 7 0 2
51 0 7 0 2
51 0 7 0 2
51 0 7 0 2
51 0 7 0 2
51 0 7 0 2
51 0 7 0 2
51 0 7 0 2
51 0 7 0 2
51 0 7 0 2
51 0 7 0 2
51 0 7 0 2
51 0 7 0 2
51 0 7 0 2
51 0 7 0 2
51 0 7 0 2
51 0 7 0 2
51 0 7 0 2
51 0 7 0 2
51 0 7 0 2
51 0 7 0 2
51 0 7 0 2
51 0 7 0 2
51 0 7 0 2
51 0 7 0 2
51 0 7 0 2
51 0 7 0 2
51 0 7 0 2
51 0 7 0 2
51 0 7 0 2
51 0 7 0 2
51 0 7 0 2
51 0 7 0 2
51 0 7 0 2
51 0 7 0 2
51 0 7 0 2
51 0 7 0 2
51 0 7 0 2
51 0 7 0 2
51 0 7 0 2
52 0 7 0 2
52 0 7 0 2
52 0 7 0 2
52 0 7 0 2
52 0 7 0 2
52 0 7 0 2
52 0 7 0 2
52 0 7 0 2
52 0 7 0 2
52 0 7 0 2
52 0 7 0 2
52 0 7 0 2
52 0 7 0 2
52 0 7 0 2
52 0 7 0 2
52 0 7 0 2
52 0 7 0 2
52 0 7 0 2
52 0 7 0 2
52 0 7 0 2
52 0 7 0 2
52 0 7 0 2
52 0 7 0 2
52 0 7 0 2
52 0 7 0 2
52 0 7 0 2
52 0 7 0 2
52 0 7 0 2
52 0 7 0 2
52 0 7 0 2
52 0 7 0 2
52 0 7 0 2
52 0 7 0 2
52 0 7 0 2
52 0 7 0 2
52 0 7 0 2
52 0 7 0 2
52 0 7 0 2
52 0 7 0 2
52 0 7 0 2
52 0 7 0 2
52 0 7 0 2
52 0 7 0 2
52 0 7 0 2
52 0 7 0 2
52 0 7 0 2
52 0 7 0 2
52 0 7 0 2
52 0 7 0 2
52 0 7 0 2
52 0 7 0 2
52 0 7 0 2
52 0 7 0 2
52 0 7 0 2
52 0 7 0 2
53 0 7 0 2
53 0 7 0 2
53 0 7 0 2
53 0 7 0 2
53 0 7 0 2
53 0 7 0 2
53 0 7 0 2
53 0 7 0 2
53 0 7 0 2
53 0 7 0 2
53 0 7 0 2
53 0 7 0 2
53 0 7 0 2
53 0 7 0 2
53 0 7 0 2
53 0 7 0 2
53 0 7 0 2
53 0 7 0 2
53 0 7 0 2
53 0 7 0 2
53 0 7 0 2
53 0 7 0 2
53 0 7 0 2
53 0 7 0 2
53 0 7 0 2
53 0 7 0 2
53 0 7 0 2
53 0 7 0 2
53 0 7 0 2
53 0 7 0 2
53 0 7 0 2
53 0 7 0 2
53 0 7 0 2
53 0 7 0 2
53 0 7 0 2
53 0 7 0 2
53 0 7 0 2
53 0 7 0 2
53 0 7 0 2
53 0 7 0 2
53 0 7 0 2
53 0 7 0 2
53 0 7 0 2
53 0 7 0 2
53 0 7 0 2
53 0 7 0 2
53 0 7 0 2
53 0 7 0 2
53 0 7 0 2
53 0 7 0 2
53 0 7 0 2
53 0 7 0 2
53 0 7 0 2
54 0 7 0 2
54 0 7 0 2
54 0 7 0 2
54 0 7 0 2
54 0 7 0 2
54 0 7 0 2
54 0 7 0 2
54 0 7 0 2
54 0 7 0 2
54 0 7 0 2
54 0 7 0 2
54 0 7 0 2
54 0 7 0 2
54 0 7 0 2
54 0 7 0 2
54 0 7 0 2
54 0 7 0 2
54 0 7 0 2
54 0 7 0 2
54 0 7 0 2
54 0 7 0 2
54 0 7 0 2
54 0 7 0 2
54 0 7 0 2
54 0 7 0 2
54 0 7 0 2
54 0 7 0 2
54 0 7 0 2
54 0 7 0 2
54 0 7 0 2
54 0 7 0 2
54 0 7 0 2
54 0 7 0 2
54 0 7 0 2
54 0 7 0 2
54 0 7 0 2
54 0 7 0 2
54 0 7 0 2
54 0 7 0 2
54 0 7 0 2
54 0 7 0 2
54 0 7 0 2
54 0 7 0 2
54 0 7 0 2
54 0 7 0 2
54 0 7 0 2
54 0 7 0 2
54 0 7 0 2
54 0 7 0 2
54 0 7 0 2
55 0 7 0 2
55 0 7 0 2
55 0 7 0 2
55 0 7 0 2
55 0 7 0 2
55 0 7 0 2
55 0 7 0 2
55 0 7 0 2
55 0 7 0 2
55 0 7 0 2
55 0 7 0 2
55 0 7 0 2
55 0 7 0 2
55 0 7 0 2
55 0 7 0 2
55 0 7 0 2
55 0 7 0 2
55 0 7 0 2
55 0 7 0 2
55 0 7 0 2
55 0 7 0 2
55 0 7 0 2
55 0 7 0 2
55 0 7 0 2
55 0 7 0 2
55 0 7 0 2
55 0 7 0 2
55 0 7 0 2
55 0 7 0 2
55 0 7 0 2
55 0 7 0 2
55 0 7 0 2
55 0 7 0 2
55 0 7 0 2
55 0 7 0 2
55 0 7 0 2
55 0 7 0 2
55 0 7 0 2
55 0 7 0 2
55 0 7 0 2
55 0 7 0 2
55 0 7 0 2
55 0 7 0 2
55 0 7 0 2
55 0 7 0 2
55 0 7 0 2
55 0 7 0 2
55 0 7 0 2
55 0 7 0 2
55 0 7 0 2
55 0 7 0 2
55 0 7 0 2
56 0 7 0 2
56 0 7 0 2
56 0 7 0 2
56 0 7 0 2
56 0 7 0 2
56 0 7 0 2
56 0 7 0 2
56 0 7 0 2
56 0 7 0 2
56 0 7 0 2
56 0 7 0 2
56 0 7 0 2
56 0 7 0 2
56 0 7 0 2
56 0 7 0 2
56 0 7 0 2
56 0 7 0 2
56 0 7 0 2
56 0 7 0 2
56 0 7 0 2
56 0 7 0 2
56 0 7 0 2
56 0 7 0 2
56 0 7 0 2
56 0 7 0 2
56 0 7 0 2
56 0 7 0 2
56 0 7 0 2
56 0 7 0 2
56 0 7 0 2
56 0 7 0 2
56 0 7 0 2
56 0 7 0 2
56 0 7 0 2
56 0 7 0 2
56 0 7 0 2
56 0 7 0 2
56 0 7 0 2
56 0 7 0 2
56 0 7 0 2
56 0 7 0 2
56 0 7 0 2
56 0 7 0 2
56 0 7 0 2
56 0 7 0 2
56 0 7 0 2
56 0 7 0 2
56 0 7 0 2
56 0 7 0 2
56 0 7 0 2
56 0 7 0 2
56 0 7 0 2
56 0 7 0 2
56 0 7 0 2
57 0 7 0 2
57 0 7 0 2
57 0 7 0 2
57 0 7 0 2
57 0 7 0 2
57 0 7 0 2
57 0 7 0 2
57 0 7 0 2
57 0 7 0 2
57 0 7 0 2
57 0 7 0 2
57 0 7 0 2
57 0 7 0 2
57 0 7 0 2
57 0 7 0 2
57 0 7 0 2
57 0 7 0 2
57 0 7 0 2
57 0 7 0 2
57 0 7 0 2
57 0 7 0 2
57 0 7 0 2
57 0 7 0 2
57 0 7 0 2
57 0 7 0 2
57 0 7 0 2
57 0 7 0 2
57 0 7 0 2
57 0 7 0 2
57 0 7 0 2
57 0 7 0 2
57 0 7 0 2
57 0 7 0 2
57 0 7 0 2
57 0 7 0 2
57 0 7 0 2
57 0 7 0 2
57 0 7 0 2
57 0 7 0 2
57 0 7 0 2
57 0 7 0 2
57 0 7 0 2
57 0 7 0 2
57 0 7 0 2
57 0 7 0 2
57 0 7 0 2
57 0 7 0 2
57 0 7 0 2
57 0 7 0 2
57 0 7 0 2
57 0 7 0 2
57 0 7 0 2
57 0 7 0 2
57 0 7 0 2
58 0 7 0 2
58 0 7 0 2
58 0 7 0 2
58 0 7 0 2
58 0 7 0 2
58 0 7 0 2
58 0 7 0 2
58 0 7 0 2
58 0 7 0 2
58 0 7 0 2
58 0 7 0 2
58 0 7 0 2
58 0 7 0 2
58 0 7 0 2
58 0 7 0 2
58 0 7 0 2
58 0 7 0 2
58 0 7 0 2
58 0 7 0 2
58 0 7 0 2
58 0 7 0 2
58 0 7 0 2
58 0 7 0 2
58 0 7 0 2
58 0 7 0 2
58 0 7 0 2
58 0 7 0 2
58 0 7 0 2
58 0 7 0 2
58 0 7 0 2
58 0 7 0 2
58 0 7 0 2
58 0 7 0 2
58 0 7 0 2
58 0 7 0 2
58 0 7 0 2
58 0 7 0 2
58 0 7 0 2
58 0 7 0 2
58 0 7 0 2
58 0 7 0 2
58 0 7 0 2
58 0 7 0 2
58 0 7 0 2
58 0 7 0 2
58 0 7 0 2
58 0 7 0 2
58 0 7 0 2
58 0 7 0 2
58 0 7 0 2
58 0 7 0 2
58 0 7 0 2
59 0 7 0 2
59 0 7 0 2
59 0 7 0 2
59 0 7 0 2
59 0 7 0 2
59 0 7 0 2
59 0 7 0 2
59 0 7 0 2
59 0 7 0 2
59 0 7 0 2
59 0 7 0 2
59 0 7 0 2
59 0 7 0 2
59 0 7 0 2
59 0 7 0 2
59 0 7 0 2
59 0 7 0 2
59 0 7 0 2
59 0 7 0 2
59 0 7 0 2
59 0 7 0 2
59 0 7 0 2
59 0 7 0 2
59 0 7 0 2
59 0 7 0 2
59 0 7 0 2
59 0 7 0 2
59 0 7 0 2
59 0 7 0 2
59 0 7 0 2
59 0 7 0 2
59 0 7 0 2
59 0 7 0 2
59 0 7 0 2
59 0 7 0 2
59 0 7 0 2
59 0 7 0 2
59 0 7 0 2
59 0 7 0 2
59 0 7 0 2
59 0 7 0 2
59 0 7 0 2
59 0 7 0 2
59 0 7 0 2
59 0 7 0 2
59 0 7 0 2
59 0 7 0 2
59 0 7 0 2
59 0 7 0 2
59 0 7 0 2
59 0 7 0 2
59 0 7 0 2
59 0 7 0 2
59 0 7 0 2
60 0 7 0 2
60 0 7 0 2
60 0 7 0 2
60 0 7 0 2
60 0 7 0 2
60 0 7 0 2
60 0 7 0 2
60 0 7 0 2
60 0 7 0 2
60 0 7 0 2
60 0 7 0 2
60 0 7 0 2
60 0 7 0 2
60 0 7 0 2
60 0 7 0 2
60 0 7 0 2
60 0 7 0 2
60 0 7 0 2
60 0 7 0 2
60 0 7 0 2
60 0 7 0 2
60 0 7 0 2
60 0 7 0 2
60 0 7 0 2
60 0 7 0 2
60 0 7 0 2
60 0 7 0 2
60 0 7 0 2
60 0 7 0 2
60 0 7 0 2
60 0 7 0 2
60 0 7 0 2
60 0 7 0 2
60 0 7 0 2
60 0 7 0 2
60 0 7 0 2
60 0 7 0 2
60 0 7 0 2
60 0 7 0 2
60 0 7 0 2
60 0 7 0 2
60 0 7 0 2
60 0 7 0 2
60 0 7 0 2
60 0 7 0 2
60 0 7 0 2
60 0 7 0 2
60 0 7 0 2
60 0 7 0 2
60 0 7 0 2
60 0 7 0 2
60 0 7 0 2
60 0 7 0 2
60 0 7 0 2
61 0 7 0 2
61 0 7 0 2
61 0 7 0 2
61 0 7 0 2
61 0 7 0 2
61 0 7 0 2
61 0 7 0 2
61 0 7 0 2
61 0 7 0 2
61 0 7 0 2
61 0 7 0 2
61 0 7 0 2
61 0 7 0 2
61 0 7 0 2
61 0 7 0 2
61 0 7 0 2
61 0 7 0 2
61 0 7 0 2
61 0 7 0 2
61 0 7 0 2
61 0 7 0 2
61 0 7 0 2
61 0 7 0 2
61 0 7 0 2
61 0 7 0 2
61 0 7 0 2
61 0 7 0 2
61 0 7 0 2
61 0 7 0 2
61 0 7 0 2
61 0 7 0 2
61 0 7 0 2
61 0 7 0 2
61 0 7 0 2
61 0 7 0 2
61 0 7 0 2
61 0 7 0 2
61 0 7 0 2
61 0 7 0 2
61 0 7 0 2
61 0 7 0 2
61 0 7 0 2
61 0 7 0 2
61 0 7 0 2
61 0 7 0 2
61 0 7 0 2
61 0 7 0 2
61 0 7 0 2
61 0 7 0 2
61 0 7 0 2
61 0 7 0 2
61 0 7 0 2
61 0 7 0 2
61 0 7 0 2
61 0 7 0 2
62 0 7 0 2
62 0 7 0 2
62 0 7 0 2
62 0 7 0 2
62 0 7 0 2
62 0 7 0 2
62 0 7 0 2
62 0 7 0 2
62 0 7 0 2
62 0 7 0 2
62 0 7 0 2
62 0 7 0 2
62 0 7 0 2
62 0 7 0 2
62 0 7 0 2
62 0 7 0 2
62 0 7 0 2
62 0 7 0 2
62 0 7 0 2
62 0 7 0 2
62 0 7 0 2
62 0 7 0 2
62 0 7 0 2
62 0 7 0 2
62 0 7 0 2
62 0 7 0 2
62 0 7 0 2
62 0 7 0 2
62 0 7 0 2
62 0 7 0 2
62 0 7 0 2
62 0 7 0 2
62 0 7 0 2
62 0 7 0 2
62 0 7 0 2
62 0 7 0 2
62 0 7 0 2
62 0 7 0 2
62 0 7 0 2
62 0 7 0 2
62 0 7 0 2
62 0 7 0 2
62 0 7 0 2
62 0 7 0 2
62 0 7 0 2
62 0 7 0 2
62 0 7 0 2
62 0 7 0 2
62 0 7 0 2
62 0 7 0 2
62 0 7 0 2
62 0 7 0 2
62 0 7 0 2
62 0 7 0 2
62 0 7 0 2
63 0 7 0 2
63 0 7 0 2
63 0 7 0 2
63 0 7 0 2
63 0 7 0 2
63 0 7 0 2
63 0 7 0 2
63 0 7 0 2
63 0 7 0 2
63 0 7 0 2
63 0 7 0 2
63 0 7 0 2
63 0 7 0 2
63 0 7 0 2
63 0 7 0 2
63 0 7 0 2
63 0 7 0 2
63 0 7 0 2
63 0 7 0 2
63 0 7 0 2
63 0 7 0 2
63 0 7 0 2
63 0 7 0 2
63 0 7 0 2
63 0 7 0 2
63 0 7 0 2
63 0 7 0 2
63 0 7 0 2
63 0 7 0 2
63 0 7 0 2
63 0 7 0 2
63 0 7 0 2
63 0 7 0 2
63 0 7 0 2
63 0 7 0 2
63 0 7 0 2
63 0 7 0 2
63 0 7 0 2
63 0 7 0 2
63 0 7 0 2
63 0 7 0 2
63 0 7 0 2
63 0 7 0 2
63 0 7 0 2
63 0 7 0 2
63 0 7 0 2
63 0 7 0 2
64 0 7 0 2
64 0 7 0 2
64 0 7 0 2
64 0 7 0 2
64 0 7 0 2
64 0 7 0 2
64 0 7 0 2
64 0 7 0 2
64 0 7 0 2
64 0 7 0 2
64 0 7 0 2
64 0 7 0 2
64 0 7 0 2
64 0 7 0 2
64 0 7 0 2
64 0 7 0 2
64 0 7 0 2
64 0 7 0 2
64 0 7 0 2
64 0 7 0 2
64 0 7 0 2
64 0 7 0 2
64 0 7 0 2
64 0 7 0 2
64 0 7 0 2
64 0 7 0 2
64 0 7 0 2
64 0 7 0 2
64 0 7 0 2
64 0 7 0 2
64 0 7 0 2
64 0 7 0 2
64 0 7 0 2
64 0 7 0 2
64 0 7 0 2
64 0 7 0 2
64 0 7 0 2
64 0 7 0 2
64 0 7 0 2
64 0 7 0 2
64 0 7 0 2
64 0 7 0 2
64 0 7 0 2
64 0 7 0 2
64 0 7 0 2
64 0 7 0 2
64 0 7 0 2
64 0 7 0 2
64 0 7 0 2
64 0 7 0 2
64 0 7 0 2
64 0 7 0 2
64 0 7 0 2
65 0 7 0 2
65 0 7 0 2
65 0 7 0 2
65 0 7 0 2
65 0 7 0 2
65 0 7 0 2
65 0 7 0 2
65 0 7 0 2
65 0 7 0 2
65 0 7 0 2
65 0 7 0 2
65 0 7 0 2
65 0 7 0 2
65 0 7 0 2
65 0 7 0 2
65 0 7 0 2
65 0 7 0 2
65 0 7 0 2
65 0 7 0 2
65 0 7 0 2
65 0 7 0 2
65 0 7 0 2
65 0 7 0 2
65 0 7 0 2
65 0 7 0 2
65 0 7 0 2
65 0 7 0 2
65 0 7 0 2
65 0 7 0 2
65 0 7 0 2
65 0 7 0 2
65 0 7 0 2
65 0 7 0 2
65 0 7 0 2
65 0 7 0 2
65 0 7 0 2
65 0 7 0 2
65 0 7 0 2
65 0 7 0 2
65 0 7 0 2
65 0 7 0 2
65 0 7 0 2
65 0 7 0 2
65 0 7 0 2
65 0 7 0 2
65 0 7 0 2
65 0 7 0 2
65 0 7 0 2
65 0 7 0 2
65 0 7 0 2
66 0 7 0 2
66 0 7 0 2
66 0 7 0 2
66 0 7 0 2
66 0 7 0 2
66 0 7 0 2
66 0 7 0 2
66 0 7 0 2
66 0 7 0 2
66 0 7 0 2
66 0 7 0 2
66 0 7 0 2
66 0 7 0 2
66 0 7 0 2
66 0 7 0 2
66 0 7 0 2
66 0 7 0 2
66 0 7 0 2
66 0 7 0 2
66 0 7 0 2
66 0 7 0 2
66 0 7 0 2
66 0 7 0 2
66 0 7 0 2
66 0 7 0 2
66 0 7 0 2
66 0 7 0 2
66 0 7 0 2
66 0 7 0 2
66 0 7 0 2
66 0 7 0 2
66 0 7 0 2
66 0 7 0 2
66 0 7 0 2
66 0 7 0 2
66 0 7 0 2
66 0 7 0 2
66 0 7 0 2
66 0 7 0 2
66 0 7 0 2
66 0 7 0 2
66 0 7 0 2
66 0 7 0 2
66 0 7 0 2
66 0 7 0 2
66 0 7 0 2
66 0 7 0 2
66 0 7 0 2
66 0 7 0 2
66 0 7 0 2
66 0 7 0 2
66 0 7 0 2
66 0 7 0 2
66 0 7 0 2
66 0 7 0 2
67 0 7 0 2
67 0 7 0 2
67 0 7 0 2
67 0 7 0 2
67 0 7 0 2
67 0 7 0 2
67 0 7 0 2
67 0 7 0 2
67 0 7 0 2
67 0 7 0 2
67 0 7 0 2
67 0 7 0 2
67 0 7 0 2
67 0 7 0 2
67 0 7 0 2
67 0 7 0 2
67 0 7 0 2
67 0 7 0 2
67 0 7 0 2
67 0 7 0 2
67 0 7 0 2
67 0 7 0 2
67 0 7 0 2
67 0 7 0 2
67 0 7 0 2
67 0 7 0 2
67 0 7 0 2
67 0 7 0 2
67 0 7 0 2
67 0 7 0 2
67 0 7 0 2
67 0 7 0 2
67 0 7 0 2
67 0 7 0 2
67 0 7 0 2
67 0 7 0 2
67 0 7 0 2
67 0 7 0 2
67 0 7 0 2
67 0 7 0 2
67 0 7 0 2
67 0 7 0 2
67 0 7 0 2
67 0 7 0 2
67 0 7 0 2
67 0 7 0 2
67 0 7 0 2
67 0 7 0 2
67 0 7 0 2
67 0 7 0 2
67 0 7 0 2
67 0 7 0 2
67 0 7 0 2
67 0 7 0 2
67 0 7 0 2
67 0 7 0 2
67 0 7 0 2
67 0 7 0 2
67 0 7 0 2
67 0 7 0 2
68 0 7 0 2
68 0 7 0 2
68 0 7 0 2
68 0 7 0 2
68 0 7 0 2
68 0 7 0 2
68 0 7 0 2
68 0 7 0 2
68 0 7 0 2
68 0 7 0 2
68 0 7 0 2
68 0 7 0 2
68 0 7 0 2
68 0 7 0 2
68 0 7 0 2
68 0 7 0 2
68 0 7 0 2
68 0 7 0 2
68 0 7 0 2
68 0 7 0 2
68 0 7 0 2
68 0 7 0 2
68 0 7 0 2
68 0 7 0 2
68 0 7 0 2
68 0 7 0 2
68 0 7 0 2
68 0 7 0 2
68 0 7 0 2
68 0 7 0 2
68 0 7 0 2
68 0 7 0 2
69 0 7 0 2
69 0 7 0 2
69 0 7 0 2
69 0 7 0 2
69 0 7 0 2
69 0 7 0 2
69 0 7 0 2
69 0 7 0 2
69 0 7 0 2
69 0 7 0 2
69 0 7 0 2
69 0 7 0 2
69 0 7 0 2
69 0 7 0 2
69 0 7 0 2
69 0 7 0 2
69 0 7 0 2
69 0 7 0 2
69 0 7 0 2
69 0 7 0 2
69 0 7 0 2
69 0 7 0 2
69 0 7 0 2
69 0 7 0 2
69 0 7 0 2
69 0 7 0 2
69 0 7 0 2
69 0 7 0 2
69 0 7 0 2
69 0 7 0 2
69 0 7 0 2
69 0 7 0 2
69 0 7 0 2
69 0 7 0 2
69 0 7 0 2
69 0 7 0 2
69 0 7 0 2
69 0 7 0 2
69 0 7 0 2
69 0 7 0 2
70 0 7 0 2
70 0 7 0 2
70 0 7 0 2
70 0 7 0 2
70 0 7 0 2
70 0 7 0 2
70 0 7 0 2
70 0 7 0 2
70 0 7 0 2
70 0 7 0 2
70 0 7 0 2
70 0 7 0 2
70 0 7 0 2
70 0 7 0 2
70 0 7 0 2
70 0 7 0 2
70 0 7 0 2
70 0 7 0 2
70 0 7 0 2
70 0 7 0 2
70 0 7 0 2
70 0 7 0 2
70 0 7 0 2
70 0 7 0 2
70 0 7 0 2
70 0 7 0 2
70 0 7 0 2
70 0 7 0 2
70 0 7 0 2
70 0 7 0 2
70 0 7 0 2
70 0 7 0 2
70 0 7 0 2
70 0 7 0 2
70 0 7 0 2
70 0 7 0 2
70 0 7 0 2
70 0 7 0 2
71 0 7 0 2
71 0 7 0 2
71 0 7 0 2
71 0 7 0 2
71 0 7 0 2
71 0 7 0 2
71 0 7 0 2
71 0 7 0 2
71 0 7 0 2
71 0 7 0 2
71 0 7 0 2
71 0 7 0 2
71 0 7 0 2
71 0 7 0 2
71 0 7 0 2
71 0 7 0 2
71 0 7 0 2
71 0 7 0 2
71 0 7 0 2
71 0 7 0 2
71 0 7 0 2
71 0 7 0 2
71 0 7 0 2
71 0 7 0 2
71 0 7 0 2
71 0 7 0 2
71 0 7 0 2
71 0 7 0 2
71 0 7 0 2
71 0 7 0 2
71 0 7 0 2
71 0 7 0 2
71 0 7 0 2
71 0 7 0 2
71 0 7 0 2
71 0 7 0 2
71 0 7 0 2
71 0 7 0 2
71 0 7 0 2
71 0 7 0 2
71 0 7 0 2
71 0 7 0 2
71 0 7 0 2
71 0 7 0 2
71 0 7 0 2
71 0 7 0 2
71 0 7 0 2
72 0 7 0 2
72 0 7 0 2
72 0 7 0 2
72 0 7 0 2
72 0 7 0 2
72 0 7 0 2
72 0 7 0 2
72 0 7 0 2
72 0 7 0 2
72 0 7 0 2
72 0 7 0 2
72 0 7 0 2
72 0 7 0 2
72 0 7 0 2
72 0 7 0 2
72 0 7 0 2
72 0 7 0 2
72 0 7 0 2
72 0 7 0 2
72 0 7 0 2
72 0 7 0 2
72 0 7 0 2
72 0 7 0 2
72 0 7 0 2
72 0 7 0 2
72 0 7 0 2
72 0 7 0 2
72 0 7 0 2
72 0 7 0 2
72 0 7 0 2
72 0 7 0 2
72 0 7 0 2
72 0 7 0 2
72 0 7 0 2
72 0 7 0 2
72 0 7 0 2
72 0 7 0 2
72 0 7 0 2
72 0 7 0 2
72 0 7 0 2
72 0 7 0 2
72 0 7 0 2
72 0 7 0 2
72 0 7 0 2
72 0 7 0 2
72 0 7 0 2
72 0 7 0 2
72 0 7 0 2
72 0 7 0 2
72 0 7 0 2
72 0 7 0 2
72 0 7 0 2
72 0 7 0 2
72 0 7 0 2
72 0 7 0 2
73 0 7 0 2
73 0 7 0 2
73 0 7 0 2
73 0 7 0 2
73 0 7 0 2
73 0 7 0 2
73 0 7 0 2
73 0 7 0 2
73 0 7 0 2
73 0 7 0 2
73 0 7 0 2
73 0 7 0 2
73 0 7 0 2
73 0 7 0 2
73 0 7 0 2
73 0 7 0 2
73 0 7 0 2
73 0 7 0 2
73 0 7 0 2
73 0 7 0 2
73 0 7 0 2
73 0 7 0 2
73 0 7 0 2
73 0 7 0 2
73 0 7 0 2
73 0 7 0 2
73 0 7 0 2
73 0 7 0 2
73 0 7 0 2
73 0 7 0 2
73 0 7 0 2
73 0 7 0 2
73 0 7 0 2
73 0 7 0 2
73 0 7 0 2
73 0 7 0 2
73 0 7 0 2
73 0 7 0 2
73 0 7 0 2
73 0 7 0 2
73 0 7 0 2
73 0 7 0 2
73 0 7 0 2
73 0 7 0 2
73 0 7 0 2
73 0 7 0 2
73 0 7 0 2
73 0 7 0 2
73 0 7 0 2
73 0 7 0 2
74 0 7 0 2
74 0 7 0 2
74 0 7 0 2
74 0 7 0 2
74 0 7 0 2
74 0 7 0 2
74 0 7 0 2
74 0 7 0 2
74 0 7 0 2
74 0 7 0 2
74 0 7 0 2
74 0 7 0 2
74 0 7 0 2
74 0 7 0 2
74 0 7 0 2
74 0 7 0 2
74 0 7 0 2
74 0 7 0 2
74 0 7 0 2
74 0 7 0 2
74 0 7 0 2
74 0 7 0 2
74 0 7 0 2
74 0 7 0 2
74 0 7 0 2
74 0 7 0 2
74 0 7 0 2
74 0 7 0 2
74 0 7 0 2
74 0 7 0 2
74 0 7 0 2
74 0 7 0 2
74 0 7 0 2
74 0 7 0 2
74 0 7 0 2
74 0 7 0 2
74 0 7 0 2
74 0 7 0 2
74 0 7 0 2
74 0 7 0 2
74 0 7 0 2
74 0 7 0 2
74 0 7 0 2
74 0 7 0 2
74 0 7 0 2
74 0 7 0 2
74 0 7 0 2
74 0 7 0 2
74 0 7 0 2
74 0 7 0 2
75 0 7 0 2
75 0 7 0 2
75 0 7 0 2
75 0 7 0 2
75 0 7 0 2
75 0 7 0 2
75 0 7 0 2
75 0 7 0 2
75 0 7 0 2
75 0 7 0 2
75 0 7 0 2
75 0 7 0 2
75 0 7 0 2
75 0 7 0 2
75 0 7 0 2
75 0 7 0 2
75 0 7 0 2
75 0 7 0 2
75 0 7 0 2
75 0 7 0 2
75 0 7 0 2
75 0 7 0 2
75 0 7 0 2
75 0 7 0 2
75 0 7 0 2
75 0 7 0 2
75 0 7 0 2
75 0 7 0 2
75 0 7 0 2
75 0 7 0 2
75 0 7 0 2
75 0 7 0 2
75 0 7 0 2
75 0 7 0 2
75 0 7 0 2
75 0 7 0 2
75 0 7 0 2
75 0 7 0 2
75 0 7 0 2
75 0 7 0 2
75 0 7 0 2
75 0 7 0 2
75 0 7 0 2
75 0 7 0 2
75 0 7 0 2
75 0 7 0 2
75 0 7 0 2
75 0 7 0 2
75 0 7 0 2
75 0 7 0 2
75 0 7 0 2
75 0 7 0 2
75 0 7 0 2
76 0 7 0 2
76 0 7 0 2
76 0 7 0 2
76 0 7 0 2
76 0 7 0 2
76 0 7 0 2
76 0 7 0 2
76 0 7 0 2
76 0 7 0 2
76 0 7 0 2
76 0 7 0 2
76 0 7 0 2
76 0 7 0 2
76 0 7 0 2
76 0 7 0 2
76 0 7 0 2
76 0 7 0 2
76 0 7 0 2
76 0 7 0 2
76 0 7 0 2
76 0 7 0 2
76 0 7 0 2
76 0 7 0 2
76 0 7 0 2
76 0 7 0 2
76 0 7 0 2
76 0 7 0 2
76 0 7 0 2
76 0 7 0 2
76 0 7 0 2
76 0 7 0 2
76 0 7 0 2
76 0 7 0 2
76 0 7 0 2
76 0 7 0 2
76 0 7 0 2
76 0 7 0 2
76 0 7 0 2
76 0 7 0 2
76 0 7 0 2
76 0 7 0 2
76 0 7 0 2
76 0 7 0 2
76 0 7 0 2
76 0 7 0 2
77 0 7 0 2
77 0 7 0 2
77 0 7 0 2
77 0 7 0 2
77 0 7 0 2
77 0 7 0 2
77 0 7 0 2
77 0 7 0 2
77 0 7 0 2
77 0 7 0 2
77 0 7 0 2
77 0 7 0 2
77 0 7 0 2
77 0 7 0 2
77 0 7 0 2
77 0 7 0 2
77 0 7 0 2
77 0 7 0 2
77 0 7 0 2
77 0 7 0 2
77 0 7 0 2
77 0 7 0 2
77 0 7 0 2
77 0 7 0 2
77 0 7 0 2
77 0 7 0 2
77 0 7 0 2
77 0 7 0 2
77 0 7 0 2
77 0 7 0 2
77 0 7 0 2
77 0 7 0 2
77 0 7 0 2
77 0 7 0 2
77 0 7 0 2
77 0 7 0 2
77 0 7 0 2
77 0 7 0 2
77 0 7 0 2
77 0 7 0 2
77 0 7 0 2
77 0 7 0 2
77 0 7 0 2
77 0 7 0 2
77 0 7 0 2
77 0 7 0 2
77 0 7 0 2
77 0 7 0 2
77 0 7 0 2
77 0 7 0 2
77 0 7 0 2
77 0 7 0 2
78 0 7 0 2
78 0 7 0 2
78 0 7 0 2
78 0 7 0 2
78 0 7 0 2
78 0 7 0 2
78 0 7 0 2
78 0 7 0 2
78 0 7 0 2
78 0 7 0 2
78 0 7 0 2
78 0 7 0 2
78 0 7 0 2
78 0 7 0 2
78 0 7 0 2
78 0 7 0 2
78 0 7 0 2
78 0 7 0 2
78 0 7 0 2
78 0 7 0 2
78 0 7 0 2
78 0 7 0 2
78 0 7 0 2
78 0 7 0 2
78 0 7 0 2
78 0 7 0 2
78 0 7 0 2
78 0 7 0 2
78 0 7 0 2
78 0 7 0 2
78 0 7 0 2
78 0 7 0 2
78 0 7 0 2
78 0 7 0 2
78 0 7 0 2
78 0 7 0 2
78 0 7 0 2
78 0 7 0 2
78 0 7 0 2
78 0 7 0 2
78 0 7 0 2
78 0 7 0 2
78 0 7 0 2
78 0 7 0 2
78 0 7 0 2
78 0 7 0 2
78 0 7 0 2
78 0 7 0 2
78 0 7 0 2
78 0 7 0 2
78 0 7 0 2
78 0 7 0 2
78 0 7 0 2
79 0 7 0 2
79 0 7 0 2
79 0 7 0 2
79 0 7 0 2
79 0 7 0 2
79 0 7 0 2
79 0 7 0 2
79 0 7 0 2
79 0 7 0 2
79 0 7 0 2
79 0 7 0 2
79 0 7 0 2
79 0 7 0 2
79 0 7 0 2
79 0 7 0 2
79 0 7 0 2
79 0 7 0 2
79 0 7 0 2
79 0 7 0 2
79 0 7 0 2
79 0 7 0 2
79 0 7 0 2
79 0 7 0 2
79 0 7 0 2
79 0 7 0 2
79 0 7 0 2
79 0 7 0 2
79 0 7 0 2
79 0 7 0 2
79 0 7 0 2
79 0 7 0 2
79 0 7 0 2
79 0 7 0 2
79 0 7 0 2
79 0 7 0 2
79 0 7 0 2
79 0 7 0 2
79 0 7 0 2
79 0 7 0 2
79 0 7 0 2
79 0 7 0 2
79 0 7 0 2
79 0 7 0 2
79 0 7 0 2
79 0 7 0 2
79 0 7 0 2
79 0 7 0 2
80 0 7 0 2
80 0 7 0 2
80 0 7 0 2
80 0 7 0 2
80 0 7 0 2
80 0 7 0 2
80 0 7 0 2
80 0 7 0 2
80 0 7 0 2
80 0 7 0 2
80 0 7 0 2
80 0 7 0 2
80 0 7 0 2
80 0 7 0 2
80 0 7 0 2
80 0 7 0 2
80 0 7 0 2
80 0 7 0 2
80 0 7 0 2
80 0 7 0 2
80 0 7 0 2
80 0 7 0 2
80 0 7 0 2
80 0 7 0 2
80 0 7 0 2
80 0 7 0 2
80 0 7 0 2
80 0 7 0 2
80 0 7 0 2
80 0 7 0 2
80 0 7 0 2
80 0 7 0 2
80 0 7 0 2
80 0 7 0 2
80 0 7 0 2
80 0 7 0 2
80 0 7 0 2
80 0 7 0 2
80 0 7 0 2
80 0 7 0 2
80 0 7 0 2
80 0 7 0 2
80 0 7 0 2
80 0 7 0 2
80 0 7 0 2
80 0 7 0 2
80 0 7 0 2
80 0 7 0 2
80 0 7 0 2
80 0 7 0 2
80 0 7 0 2
80 0 7 0 2
80 0 7 0 2
81 0 7 0 2
81 0 7 0 2
81 0 7 0 2
81 0 7 0 2
81 0 7 0 2
81 0 7 0 2
81 0 7 0 2
81 0 7 0 2
81 0 7 0 2
81 0 7 0 2
81 0 7 0 2
81 0 7 0 2
81 0 7 0 2
81 0 7 0 2
81 0 7 0 2
81 0 7 0 2
81 0 7 0 2
81 0 7 0 2
81 0 7 0 2
81 0 7 0 2
81 0 7 0 2
81 0 7 0 2
81 0 7 0 2
81 0 7 0 2
81 0 7 0 2
81 0 7 0 2
81 0 7 0 2
81 0 7 0 2
81 0 7 0 2
81 0 7 0 2
81 0 7 0 2
81 0 7 0 2
81 0 7 0 2
81 0 7 0 2
81 0 7 0 2
81 0 7 0 2
81 0 7 0 2
81 0 7 0 2
81 0 7 0 2
81 0 7 0 2
81 0 7 0 2
81 0 7 0 2
81 0 7 0 2
81 0 7 0 2
81 0 7 0 2
81 0 7 0 2
81 0 7 0 2
81 0 7 0 2
81 0 7 0 2
81 0 7 0 2
81 0 7 0 2
81 0 7 0 2
82 0 7 0 2
82 0 7 0 2
82 0 7 0 2
82 0 7 0 2
82 0 7 0 2
82 0 7 0 2
82 0 7 0 2
82 0 7 0 2
82 0 7 0 2
82 0 7 0 2
82 0 7 0 2
82 0 7 0 2
82 0 7 0 2
82 0 7 0 2
82 0 7 0 2
82 0 7 0 2
82 0 7 0 2
82 0 7 0 2
82 0 7 0 2
82 0 7 0 2
82 0 7 0 2
82 0 7 0 2
82 0 7 0 2
82 0 7 0 2
82 0 7 0 2
82 0 7 0 2
82 0 7 0 2
82 0 7 0 2
82 0 7 0 2
82 0 7 0 2
82 0 7 0 2
82 0 7 0 2
82 0 7 0 2
82 0 7 0 2
82 0 7 0 2
82 0 7 0 2
82 0 7 0 2
82 0 7 0 2
82 0 7 0 2
82 0 7 0 2
82 0 7 0 2
82 0 7 0 2
82 0 7 0 2
82 0 7 0 2
82 0 7 0 2
82 0 7 0 2
82 0 7 0 2
82 0 7 0 2
82 0 7 0 2
82 0 7 0 2
82 0 7 0 2
82 0 7 0 2
82 0 7 0 2
82 0 7 0 2
82 0 7 0 2
83 0 7 0 2
83 0 7 0 2
83 0 7 0 2
83 0 7 0 2
83 0 7 0 2
83 0 7 0 2
83 0 7 0 2
83 0 7 0 2
83 0 7 0 2
83 0 7 0 2
83 0 7 0 2
83 0 7 0 2
83 0 7 0 2
83 0 7 0 2
83 0 7 0 2
83 0 7 0 2
83 0 7 0 2
83 0 7 0 2
83 0 7 0 2
83 0 7 0 2
83 0 7 0 2
83 0 7 0 2
83 0 7 0 2
83 0 7 0 2
83 0 7 0 2
83 0 7 0 2
83 0 7 0 2
83 0 7 0 2
83 0 7 0 2
83 0 7 0 2
83 0 7 0 2
83 0 7 0 2
83 0 7 0 2
83 0 7 0 2
83 0 7 0 2
83 0 7 0 2
83 0 7 0 2
83 0 7 0 2
83 0 7 0 2
83 0 7 0 2
83 0 7 0 2
83 0 7 0 2
83 0 7 0 2
83 0 7 0 2
83 0 7 0 2
83 0 7 0 2
83 0 7 0 2
83 0 7 0 2
83 0 7 0 2
83 0 7 0 2
83 0 7 0 2
83 0 7 0 2
83 0 7 0 2
84 0 7 0 2
84 0 7 0 2
84 0 7 0 2
84 0 7 0 2
84 0 7 0 2
84 0 7 0 2
84 0 7 0 2
84 0 7 0 2
84 0 7 0 2
84 0 7 0 2
84 0 7 0 2
84 0 7 0 2
84 0 7 0 2
84 0 7 0 2
84 0 7 0 2
84 0 7 0 2
84 0 7 0 2
84 0 7 0 2
84 0 7 0 2
84 0 7 0 2
84 0 7 0 2
84 0 7 0 2
84 0 7 0 2
84 0 7 0 2
84 0 7 0 2
84 0 7 0 2
84 0 7 0 2
84 0 7 0 2
84 0 7 0 2
84 0 7 0 2
84 0 7 0 2
84 0 7 0 2
84 0 7 0 2
84 0 7 0 2
84 0 7 0 2
84 0 7 0 2
84 0 7 0 2
84 0 7 0 2
84 0 7 0 2
84 0 7 0 2
84 0 7 0 2
84 0 7 0 2
84 0 7 0 2
84 0 7 0 2
84 0 7 0 2
85 0 7 0 2
85 0 7 0 2
85 0 7 0 2
85 0 7 0 2
85 0 7 0 2
85 0 7 0 2
85 0 7 0 2
85 0 7 0 2
85 0 7 0 2
85 0 7 0 2
85 0 7 0 2
85 0 7 0 2
85 0 7 0 2
85 0 7 0 2
85 0 7 0 2
85 0 7 0 2
85 0 7 0 2
85 0 7 0 2
85 0 7 0 2
85 0 7 0 2
85 0 7 0 2
85 0 7 0 2
85 0 7 0 2
85 0 7 0 2
85 0 7 0 2
85 0 7 0 2
85 0 7 0 2
85 0 7 0 2
85 0 7 0 2
85 0 7 0 2
85 0 7 0 2
85 0 7 0 2
85 0 7 0 2
85 0 7 0 2
85 0 7 0 2
85 0 7 0 2
85 0 7 0 2
85 0 7 0 2
85 0 7 0 2
85 0 7 0 2
85 0 7 0 2
85 0 7 0 2
85 0 7 0 2
85 0 7 0 2
85 0 7 0 2
85 0 7 0 2
85 0 7 0 2
85 0 7 0 2
85 0 7 0 2
85 0 7 0 2
85 0 7 0 2
85 0 7 0 2
85 0 7 0 2
85 0 7 0 2
85 0 7 0 2
86 0 7 0 2
86 0 7 0 2
86 0 7 0 2
86 0 7 0 2
86 0 7 0 2
86 0 7 0 2
86 0 7 0 2
86 0 7 0 2
86 0 7 0 2
86 0 7 0 2
86 0 7 0 2
86 0 7 0 2
86 0 7 0 2
86 0 7 0 2
86 0 7 0 2
86 0 7 0 2
86 0 7 0 2
86 0 7 0 2
86 0 7 0 2
86 0 7 0 2
86 0 7 0 2
86 0 7 0 2
86 0 7 0 2
86 0 7 0 2
86 0 7 0 2
86 0 7 0 2
86 0 7 0 2
86 0 7 0 2
86 0 7 0 2
86 0 7 0 2
86 0 7 0 2
86 0 7 0 2
86 0 7 0 2
86 0 7 0 2
86 0 7 0 2
86 0 7 0 2
86 0 7 0 2
86 0 7 0 2
86 0 7 0 2
86 0 7 0 2
86 0 7 0 2
86 0 7 0 2
86 0 7 0 2
86 0 7 0 2
86 0 7 0 2
86 0 7 0 2
86 0 7 0 2
86 0 7 0 2
86 0 7 0 2
86 0 7 0 2
87 0 7 0 2
87 0 7 0 2
87 0 7 0 2
87 0 7 0 2
87 0 7 0 2
87 0 7 0 2
87 0 7 0 2
87 0 7 0 2
87 0 7 0 2
87 0 7 0 2
87 0 7 0 2
87 0 7 0 2
87 0 7 0 2
87 0 7 0 2
87 0 7 0 2
87 0 7 0 2
87 0 7 0 2
87 0 7 0 2
87 0 7 0 2
87 0 7 0 2
87 0 7 0 2
87 0 7 0 2
87 0 7 0 2
87 0 7 0 2
87 0 7 0 2
87 0 7 0 2
87 0 7 0 2
87 0 7 0 2
87 0 7 0 2
87 0 7 0 2
87 0 7 0 2
87 0 7 0 2
87 0 7 0 2
87 0 7 0 2
87 0 7 0 2
87 0 7 0 2
87 0 7 0 2
87 0 7 0 2
87 0 7 0 2
87 0 7 0 2
87 0 7 0 2
87 0 7 0 2
87 0 7 0 2
87 0 7 0 2
87 0 7 0 2
87 0 7 0 2
87 0 7 0 2
87 0 7 0 2
87 0 7 0 2
87 0 7 0 2
88 0 7 0 2
88 0 7 0 2
88 0 7 0 2
88 0 7 0 2
88 0 7 0 2
88 0 7 0 2
88 0 7 0 2
88 0 7 0 2
88 0 7 0 2
88 0 7 0 2
88 0 7 0 2
88 0 7 0 2
88 0 7 0 2
88 0 7 0 2
88 0 7 0 2
88 0 7 0 2
88 0 7 0 2
88 0 7 0 2
88 0 7 0 2
88 0 7 0 2
88 0 7 0 2
88 0 7 0 2
88 0 7 0 2
88 0 7 0 2
88 0 7 0 2
88 0 7 0 2
88 0 7 0 2
88 0 7 0 2
88 0 7 0 2
88 0 7 0 2
88 0 7 0 2
88 0 7 0 2
88 0 7 0 2
88 0 7 0 2
88 0 7 0 2
88 0 7 0 2
88 0 7 0 2
88 0 7 0 2
88 0 7 0 2
88 0 7 0 2
88 0 7 0 2
88 0 7 0 2
88 0 7 0 2
88 0 7 0 2
88 0 7 0 2
88 0 7 0 2
88 0 7 0 2
88 0 7 0 2
88 0 7 0 2
88 0 7 0 2
89 0 7 0 2
89 0 7 0 2
89 0 7 0 2
89 0 7 0 2
89 0 7 0 2
89 0 7 0 2
89 0 7 0 2
89 0 7 0 2
89 0 7 0 2
89 0 7 0 2
89 0 7 0 2
89 0 7 0 2
89 0 7 0 2
89 0 7 0 2
89 0 7 0 2
89 0 7 0 2
89 0 7 0 2
89 0 7 0 2
89 0 7 0 2
89 0 7 0 2
89 0 7 0 2
89 0 7 0 2
89 0 7 0 2
89 0 7 0 2
89 0 7 0 2
89 0 7 0 2
89 0 7 0 2
89 0 7 0 2
89 0 7 0 2
89 0 7 0 2
89 0 7 0 2
89 0 7 0 2
89 0 7 0 2
89 0 7 0 2
89 0 7 0 2
89 0 7 0 2
89 0 7 0 2
89 0 7 0 2
89 0 7 0 2
89 0 7 0 2
89 0 7 0 2
89 0 7 0 2
89 0 7 0 2
89 0 7 0 2
89 0 7 0 2
89 0 7 0 2
89 0 7 0 2
89 0 7 0 2
89 0 7 0 2
89 0 7 0 2
90 0 7 0 2
90 0 7 0 2
90 0 7 0 2
90 0 7 0 2
90 0 7 0 2
90 0 7 0 2
90 0 7 0 2
90 0 7 0 2
90 0 7 0 2
90 0 7 0 2
90 0 7 0 2
90 0 7 0 2
90 0 7 0 2
90 0 7 0 2
90 0 7 0 2
90 0 7 0 2
90 0 7 0 2
90 0 7 0 2
90 0 7 0 2
90 0 7 0 2
90 0 7 0 2
90 0 7 0 2
90 0 7 0 2
90 0 7 0 2
90 0 7 0 2
90 0 7 0 2
90 0 7 0 2
90 0 7 0 2
90 0 7 0 2
90 0 7 0 2
90 0 7 0 2
90 0 7 0 2
90 0 7 0 2
90 0 7 0 2
90 0 7 0 2
90 0 7 0 2
90 0 7 0 2
90 0 7 0 2
90 0 7 0 2
90 0 7 0 2
90 0 7 0 2
90 0 7 0 2
90 0 7 0 2
90 0 7 0 2
90 0 7 0 2
90 0 7 0 2
90 0 7 0 2
90 0 7 0 2
90 0 7 0 2
90 0 7 0 2
90 0 7 0 2
90 0 7 0 2
90 0 7 0 2
90 0 7 0 2
90 0 7 0 2
91 0 7 0 2
91 0 7 0 2
91 0 7 0 2
91 0 7 0 2
91 0 7 0 2
91 0 7 0 2
91 0 7 0 2
91 0 7 0 2
91 0 7 0 2
91 0 7 0 2
91 0 7 0 2
91 0 7 0 2
91 0 7 0 2
91 0 7 0 2
91 0 7 0 2
91 0 7 0 2
91 0 7 0 2
91 0 7 0 2
91 0 7 0 2
91 0 7 0 2
91 0 7 0 2
91 0 7 0 2
91 0 7 0 2
91 0 7 0 2
91 0 7 0 2
91 0 7 0 2
91 0 7 0 2
91 0 7 0 2
91 0 7 0 2
91 0 7 0 2
91 0 7 0 2
91 0 7 0 2
91 0 7 0 2
91 0 7 0 2
91 0 7 0 2
91 0 7 0 2
91 0 7 0 2
91 0 7 0 2
91 0 7 0 2
91 0 7 0 2
91 0 7 0 2
91 0 7 0 2
91 0 7 0 2
91 0 7 0 2
91 0 7 0 2
91 0 7 0 2
91 0 7 0 2
91 0 7 0 2
91 0 7 0 2
91 0 7 0 2
91 0 7 0 2
91 0 7 0 2
92 0 7 0 2
92 0 7 0 2
92 0 7 0 2
92 0 7 0 2
92 0 7 0 2
92 0 7 0 2
92 0 7 0 2
92 0 7 0 2
92 0 7 0 2
92 0 7 0 2
92 0 7 0 2
92 0 7 0 2
92 0 7 0 2
92 0 7 0 2
92 0 7 0 2
92 0 7 0 2
92 0 7 0 2
92 0 7 0 2
92 0 7 0 2
92 0 7 0 2
92 0 7 0 2
92 0 7 0 2
92 0 7 0 2
92 0 7 0 2
92 0 7 0 2
92 0 7 0 2
92 0 7 0 2
92 0 7 0 2
92 0 7 0 2
92 0 7 0 2
92 0 7 0 2
92 0 7 0 2
92 0 7 0 2
92 0 7 0 2
92 0 7 0 2
92 0 7 0 2
92 0 7 0 2
92 0 7 0 2
92 0 7 0 2
92 0 7 0 2
92 0 7 0 2
92 0 7 0 2
92 0 7 0 2
92 0 7 0 2
92 0 7 0 2
92 0 7 0 2
92 0 7 0 2
92 0 7 0 2
92 0 7 0 2
92 0 7 0 2
93 0 7 0 2
93 0 7 0 2
93 0 7 0 2
93 0 7 0 2
93 0 7 0 2
93 0 7 0 2
93 0 7 0 2
93 0 7 0 2
93 0 7 0 2
93 0 7 0 2
93 0 7 0 2
93 0 7 0 2
93 0 7 0 2
93 0 7 0 2
93 0 7 0 2
93 0 7 0 2
93 0 7 0 2
93 0 7 0 2
93 0 7 0 2
93 0 7 0 2
93 0 7 0 2
93 0 7 0 2
93 0 7 0 2
93 0 7 0 2
93 0 7 0 2
93 0 7 0 2
93 0 7 0 2
93 0 7 0 2
93 0 7 0 2
93 0 7 0 2
93 0 7 0 2
93 0 7 0 2
93 0 7 0 2
93 0 7 0 2
93 0 7 0 2
93 0 7 0 2
93 0 7 0 2
93 0 7 0 2
93 0 7 0 2
93 0 7 0 2
93 0 7 0 2
93 0 7 0 2
93 0 7 0 2
93 0 7 0 2
93 0 7 0 2
93 0 7 0 2
93 0 7 0 2
93 0 7 0 2
93 0 7 0 2
93 0 7 0 2
93 0 7 0 2
93 0 7 0 2
93 0 7 0 2
93 0 7 0 2
93 0 7 0 2
94 0 7 0 2
94 0 7 0 2
94 0 7 0 2
94 0 7 0 2
94 0 7 0 2
94 0 7 0 2
94 0 7 0 2
94 0 7 0 2
94 0 7 0 2
94 0 7 0 2
94 0 7 0 2
94 0 7 0 2
94 0 7 0 2
94 0 7 0 2
94 0 7 0 2
94 0 7 0 2
94 0 7 0 2
94 0 7 0 2
94 0 7 0 2
94 0 7 0 2
94 0 7 0 2
94 0 7 0 2
94 0 7 0 2
94 0 7 0 2
94 0 7 0 2
94 0 7 0 2
94 0 7 0 2
94 0 7 0 2
94 0 7 0 2
94 0 7 0 2
94 0 7 0 2
94 0 7 0 2
94 0 7 0 2
94 0 7 0 2
94 0 7 0 2
94 0 7 0 2
94 0 7 0 2
94 0 7 0 2
94 0 7 0 2
94 0 7 0 2
94 0 7 0 2
94 0 7 0 2
94 0 7 0 2
94 0 7 0 2
94 0 7 0 2
94 0 7 0 2
94 0 7 0 2
94 0 7 0 2
94 0 7 0 2
94 0 7 0 2
94 0 7 0 2
94 0 7 0 2
94 0 7 0 2
95 0 7 0 2
95 0 7 0 2
95 0 7 0 2
95 0 7 0 2
95 0 7 0 2
95 0 7 0 2
95 0 7 0 2
95 0 7 0 2
95 0 7 0 2
95 0 7 0 2
95 0 7 0 2
95 0 7 0 2
95 0 7 0 2
95 0 7 0 2
95 0 7 0 2
95 0 7 0 2
95 0 7 0 2
95 0 7 0 2
95 0 7 0 2
95 0 7 0 2
95 0 7 0 2
95 0 7 0 2
95 0 7 0 2
95 0 7 0 2
95 0 7 0 2
95 0 7 0 2
95 0 7 0 2
95 0 7 0 2
95 0 7 0 2
95 0 7 0 2
95 0 7 0 2
95 0 7 0 2
95 0 7 0 2
95 0 7 0 2
95 0 7 0 2
95 0 7 0 2
95 0 7 0 2
95 0 7 0 2
95 0 7 0 2
95 0 7 0 2
95 0 7 0 2
95 0 7 0 2
95 0 7 0 2
95 0 7 0 2
95 0 7 0 2
95 0 7 0 2
95 0 7 0 2
95 0 7 0 2
95 0 7 0 2
95 0 7 0 2
96 0 7 0 2
96 0 7 0 2
96 0 7 0 2
96 0 7 0 2
96 0 7 0 2
96 0 7 0 2
96 0 7 0 2
96 0 7 0 2
96 0 7 0 2
96 0 7 0 2
96 0 7 0 2
96 0 7 0 2
96 0 7 0 2
96 0 7 0 2
96 0 7 0 2
96 0 7 0 2
96 0 7 0 2
96 0 7 0 2
96 0 7 0 2
96 0 7 0 2
96 0 7 0 2
96 0 7 0 2
96 0 7 0 2
96 0 7 0 2
96 0 7 0 2
96 0 7 0 2
96 0 7 0 2
96 0 7 0 2
96 0 7 0 2
96 0 7 0 2
96 0 7 0 2
96 0 7 0 2
96 0 7 0 2
96 0 7 0 2
96 0 7 0 2
96 0 7 0 2
96 0 7 0 2
96 0 7 0 2
96 0 7 0 2
96 0 7 0 2
96 0 7 0 2
96 0 7 0 2
96 0 7 0 2
96 0 7 0 2
96 0 7 0 2
96 0 7 0 2
96 0 7 0 2
96 0 7 0 2
96 0 7 0 2
96 0 7 0 2
97 0 7 0 2
97 0 7 0 2
97 0 7 0 2
97 0 7 0 2
97 0 7 0 2
97 0 7 0 2
97 0 7 0 2
97 0 7 0 2
97 0 7 0 2
97 0 7 0 2
97 0 7 0 2
97 0 7 0 2
97 0 7 0 2
97 0 7 0 2
97 0 7 0 2
97 0 7 0 2
97 0 7 0 2
97 0 7 0 2
97 0 7 0 2
97 0 7 0 2
97 0 7 0 2
97 0 7 0 2
97 0 7 0 2
97 0 7 0 2
97 0 7 0 2
97 0 7 0 2
97 0 7 0 2
97 0 7 0 2
97 0 7 0 2
97 0 7 0 2
97 0 7 0 2
97 0 7 0 2
97 0 7 0 2
97 0 7 0 2
97 0 7 0 2
97 0 7 0 2
97 0 7 0 2
97 0 7 0 2
97 0 7 0 2
97 0 7 0 2
97 0 7 0 2
97 0 7 0 2
97 0 7 0 2
97 0 7 0 2
97 0 7 0 2
97 0 7 0 2
97 0 7 0 2
97 0 7 0 2
97 0 7 0 2
97 0 7 0 2
98 0 7 0 2
98 0 7 0 2
98 0 7 0 2
98 0 7 0 2
98 0 7 0 2
98 0 7 0 2
98 0 7 0 2
98 0 7 0 2
98 0 7 0 2
98 0 7 0 2
98 0 7 0 2
98 0 7 0 2
98 0 7 0 2
98 0 7 0 2
98 0 7 0 2
98 0 7 0 2
98 0 7 0 2
98 0 7 0 2
98 0 7 0 2
98 0 7 0 2
98 0 7 0 2
98 0 7 0 2
98 0 7 0 2
98 0 7 0 2
98 0 7 0 2
98 0 7 0 2
98 0 7 0 2
98 0 7 0 2
98 0 7 0 2
98 0 7 0 2
98 0 7 0 2
98 0 7 0 2
98 0 7 0 2
98 0 7 0 2
98 0 7 0 2
98 0 7 0 2
98 0 7 0 2
98 0 7 0 2
98 0 7 0 2
98 0 7 0 2
98 0 7 0 2
98 0 7 0 2
98 0 7 0 2
98 0 7 0 2
98 0 7 0 2
98 0 7 0 2
98 0 7 0 2
98 0 7 0 2
98 0 7 0 2
98 0 7 0 2
98 0 7 0 2
98 0 7 0 2
99 0 7 0 2
99 0 7 0 2
99 0 7 0 2
99 0 7 0 2
99 0 7 0 2
99 0 7 0 2
99 0 7 0 2
99 0 7 0 2
99 0 7 0 2
99 0 7 0 2
99 0 7 0 2
99 0 7 0 2
99 0 7 0 2
99 0 7 0 2
99 0 7 0 2
99 0 7 0 2
99 0 7 0 2
99 0 7 0 2
99 0 7 0 2
99 0 7 0 2
99 0 7 0 2
99 0 7 0 2
99 0 7 0 2
99 0 7 0 2
99 0 7 0 2
99 0 7 0 2
99 0 7 0 2
99 0 7 0 2
99 0 7 0 2
99 0 7 0 2
99 0 7 0 2
99 0 7 0 2
99 0 7 0 2
99 0 7 0 2
99 0 7 0 2
99 0 7 0 2
99 0 7 0 2
99 0 7 0 2
99 0 7 0 2
99 0 7 0 2
99 0 7 0 2
99 0 7 0 2
99 0 7 0 2
99 0 7 0 2
99 0 7 0 2
99 0 7 0 2
99 0 7 0 2
99 0 7 0 2
99 0 7 0 2
99 0 7 0 2
99 0 7 0 2
99 0 7 0 2
99 0 7 0 2
100 0 7 0 2
100 0 7 0 2
100 0 7 0 2
100 0 7 0 2
100 0 7 0 2
100 0 7 0 2
100 0 7 0 2
100 0 7 0 2
100 0 7 0 2
100 0 7 0 2
100 0 7 0 2
100 0 7 0 2
100 0 7 0 2
100 0 7 0 2
100 0 7 0 2
100 0 7 0 2
100 0 7 0 2
100 0 7 0 2
100 0 7 0 2
100 0 7 0 2
100 0 7 0 2
100 0 7 0 2
100 0 7 0 2
100 0 7 0 2
100 0 7 0 2
100 0 7 0 2
100 0 7 0 2
100 0 7 0 2
100 0 7 0 2
100 0 7 0 2
100 0 7 0 2
100 0 7 0 2
100 0 7 0 2
100 0 7 0 2
100 0 7 0 2
100 0 7 0 2
100 0 7 0 2
100 0 7 0 2
100 0 7 0 2
100 0 7 0 2
100 0 7 0 2
100 0 7 0 2
100 0 7 0 2
100 0 7 0 2
100 0 7 0 2
100 0 7 0 2
100 0 7 0 2
101 0 7 0 2
101 0 7 0 2
101 0 7 0 2
101 0 7 0 2
101 0 7 0 2
101 0 7 0 2
101 0 7 0 2
101 0 7 0 2
101 0 7 0 2
101 0 7 0 2
101 0 7 0 2
101 0 7 0 2
101 0 7 0 2
101 0 7 0 2
101 0 7 0 2
101 0 7 0 2
101 0 7 0 2
101 0 7 0 2
101 0 7 0 2
101 0 7 0 2
101 0 7 0 2
101 0 7 0 2
101 0 7 0 2
101 0 7 0 2
101 0 7 0 2
101 0 7 0 2
101 0 7 0 2
101 0 7 0 2
101 0 7 0 2
101 0 7 0 2
101 0 7 0 2
101 0 7 0 2
101 0 7 0 2
101 0 7 0 2
101 0 7 0 2
101 0 7 0 2
101 0 7 0 2
101 0 7 0 2
101 0 7 0 2
101 0 7 0 2
101 0 7 0 2
101 0 7 0 2
101 0 7 0 2
101 0 7 0 2
101 0 7 0 2
101 0 7 0 2
101 0 7 0 2
101 0 7 0 2
102 0 7 0 2
102 0 7 0 2
102 0 7 0 2
102 0 7 0 2
102 0 7 0 2
102 0 7 0 2
102 0 7 0 2
102 0 7 0 2
102 0 7 0 2
102 0 7 0 2
102 0 7 0 2
102 0 7 0 2
102 0 7 0 2
102 0 7 0 2
102 0 7 0 2
102 0 7 0 2
102 0 7 0 2
102 0 7 0 2
102 0 7 0 2
102 0 7 0 2
102 0 7 0 2
102 0 7 0 2
102 0 7 0 2
102 0 7 0 2
102 0 7 0 2
102 0 7 0 2
102 0 7 0 2
102 0 7 0 2
102 0 7 0 2
102 0 7 0 2
102 0 7 0 2
102 0 7 0 2
102 0 7 0 2
102 0 7 0 2
102 0 7 0 2
102 0 7 0 2
102 0 7 0 2
102 0 7 0 2
102 0 7 0 2
102 0 7 0 2
102 0 7 0 2
102 0 7 0 2
102 0 7 0 2
102 0 7 0 2
102 0 7 0 2
102 0 7 0 2
102 0 7 0 2
102 0 7 0 2
102 0 7 0 2
102 0 7 0 2
103 0 7 0 2
103 0 7 0 2
103 0 7 0 2
103 0 7 0 2
103 0 7 0 2
103 0 7 0 2
103 0 7 0 2
103 0 7 0 2
103 0 7 0 2
103 0 7 0 2
103 0 7 0 2
103 0 7 0 2
103 0 7 0 2
103 0 7 0 2
103 0 7 0 2
103 0 7 0 2
103 0 7 0 2
103 0 7 0 2
103 0 7 0 2
103 0 7 0 2
103 0 7 0 2
103 0 7 0 2
103 0 7 0 2
103 0 7 0 2
103 0 7 0 2
103 0 7 0 2
103 0 7 0 2
103 0 7 0 2
103 0 7 0 2
103 0 7 0 2
103 0 7 0 2
103 0 7 0 2
103 0 7 0 2
103 0 7 0 2
103 0 7 0 2
103 0 7 0 2
103 0 7 0 2
103 0 7 0 2
103 0 7 0 2
103 0 7 0 2
103 0 7 0 2
103 0 7 0 2
103 0 7 0 2
103 0 7 0 2
103 0 7 0 2
103 0 7 0 2
103 0 7 0 2
103 0 7 0 2
103 0 7 0 2
103 0 7 0 2
103 0 7 0 2
103 0 7 0 2
104 0 7 0 2
104 0 7 0 2
104 0 7 0 2
104 0 7 0 2
104 0 7 0 2
104 0 7 0 2
104 0 7 0 2
104 0 7 0 2
104 0 7 0 2
104 0 7 0 2
104 0 7 0 2
104 0 7 0 2
104 0 7 0 2
104 0 7 0 2
104 0 7 0 2
104 0 7 0 2
104 0 7 0 2
104 0 7 0 2
104 0 7 0 2
104 0 7 0 2
104 0 7 0 2
104 0 7 0 2
104 0 7 0 2
104 0 7 0 2
104 0 7 0 2
104 0 7 0 2
104 0 7 0 2
104 0 7 0 2
104 0 7 0 2
104 0 7 0 2
104 0 7 0 2
104 0 7 0 2
104 0 7 0 2
104 0 7 0 2
104 0 7 0 2
104 0 7 0 2
104 0 7 0 2
104 0 7 0 2
104 0 7 0 2
104 0 7 0 2
104 0 7 0 2
104 0 7 0 2
104 0 7 0 2
104 0 7 0 2
104 0 7 0 2
104 0 7 0 2
104 0 7 0 2
104 0 7 0 2
104 0 7 0 2
104 0 7 0 2
104 0 7 0 2
104 0 7 0 2
104 0 7 0 2
104 0 7 0 2
104 0 7 0 2
105 0 7 0 2
105 0 7 0 2
105 0 7 0 2
105 0 7 0 2
105 0 7 0 2
105 0 7 0 2
105 0 7 0 2
105 0 7 0 2
105 0 7 0 2
105 0 7 0 2
105 0 7 0 2
105 0 7 0 2
105 0 7 0 2
105 0 7 0 2
105 0 7 0 2
105 0 7 0 2
105 0 7 0 2
105 0 7 0 2
105 0 7 0 2
105 0 7 0 2
105 0 7 0 2
105 0 7 0 2
105 0 7 0 2
105 0 7 0 2
105 0 7 0 2
105 0 7 0 2
105 0 7 0 2
105 0 7 0 2
105 0 7 0 2
105 0 7 0 2
105 0 7 0 2
105 0 7 0 2
105 0 7 0 2
105 0 7 0 2
105 0 7 0 2
105 0 7 0 2
105 0 7 0 2
105 0 7 0 2
105 0 7 0 2
105 0 7 0 2
105 0 7 0 2
105 0 7 0 2
105 0 7 0 2
105 0 7 0 2
105 0 7 0 2
105 0 7 0 2
105 0 7 0 2
105 0 7 0 2
105 0 7 0 2
105 0 7 0 2
105 0 7 0 2
105 0 7 0 2
105 0 7 0 2
106 0 7 0 2
106 0 7 0 2
106 0 7 0 2
106 0 7 0 2
106 0 7 0 2
106 0 7 0 2
106 0 7 0 2
106 0 7 0 2
106 0 7 0 2
106 0 7 0 2
106 0 7 0 2
106 0 7 0 2
106 0 7 0 2
106 0 7 0 2
106 0 7 0 2
106 0 7 0 2
106 0 7 0 2
106 0 7 0 2
106 0 7 0 2
106 0 7 0 2
106 0 7 0 2
106 0 7 0 2
106 0 7 0 2
106 0 7 0 2
106 0 7 0 2
106 0 7 0 2
106 0 7 0 2
106 0 7 0 2
106 0 7 0 2
106 0 7 0 2
106 0 7 0 2
106 0 7 0 2
106 0 7 0 2
106 0 7 0 2
106 0 7 0 2
106 0 7 0 2
106 0 7 0 2
106 0 7 0 2
106 0 7 0 2
106 0 7 0 2
106 0 7 0 2
106 0 7 0 2
106 0 7 0 2
106 0 7 0 2
106 0 7 0 2
106 0 7 0 2
106 0 7 0 2
106 0 7 0 2
106 0 7 0 2
106 0 7 0 2
106 0 7 0 2
106 0 7 0 2
106 0 7 0 2
107 0 7 0 2
107 0 7 0 2
107 0 7 0 2
107 0 7 0 2
107 0 7 0 2
107 0 7 0 2
107 0 7 0 2
107 0 7 0 2
107 0 7 0 2
107 0 7 0 2
107 0 7 0 2
107 0 7 0 2
107 0 7 0 2
107 0 7 0 2
107 0 7 0 2
107 0 7 0 2
107 0 7 0 2
107 0 7 0 2
107 0 7 0 2
107 0 7 0 2
107 0 7 0 2
107 0 7 0 2
107 0 7 0 2
107 0 7 0 2
107 0 7 0 2
107 0 7 0 2
107 0 7 0 2
107 0 7 0 2
107 0 7 0 2
107 0 7 0 2
107 0 7 0 2
107 0 7 0 2
107 0 7 0 2
107 0 7 0 2
107 0 7 0 2
107 0 7 0 2
107 0 7 0 2
107 0 7 0 2
107 0 7 0 2
107 0 7 0 2
107 0 7 0 2
107 0 7 0 2
107 0 7 0 2
107 0 7 0 2
107 0 7 0 2
107 0 7 0 2
107 0 7 0 2
107 0 7 0 2
107 0 7 0 2
107 0 7 0 2
107 0 7 0 2
107 0 7 0 2
107 0 7 0 2
107 0 7 0 2
108 0 7 0 2
108 0 7 0 2
108 0 7 0 2
108 0 7 0 2
108 0 7 0 2
108 0 7 0 2
108 0 7 0 2
108 0 7 0 2
108 0 7 0 2
108 0 7 0 2
108 0 7 0 2
108 0 7 0 2
108 0 7 0 2
108 0 7 0 2
108 0 7 0 2
108 0 7 0 2
108 0 7 0 2
108 0 7 0 2
108 0 7 0 2
108 0 7 0 2
108 0 7 0 2
108 0 7 0 2
108 0 7 0 2
108 0 7 0 2
108 0 7 0 2
108 0 7 0 2
108 0 7 0 2
108 0 7 0 2
108 0 7 0 2
108 0 7 0 2
108 0 7 0 2
108 0 7 0 2
108 0 7 0 2
108 0 7 0 2
108 0 7 0 2
108 0 7 0 2
108 0 7 0 2
108 0 7 0 2
108 0 7 0 2
108 0 7 0 2
108 0 7 0 2
108 0 7 0 2
108 0 7 0 2
108 0 7 0 2
108 0 7 0 2
108 0 7 0 2
108 0 7 0 2
108 0 7 0 2
108 0 7 0 2
108 0 7 0 2
108 0 7 0 2
108 0 7 0 2
108 0 7 0 2
108 0 7 0 2
108 0 7 0 2
109 0 7 0 2
109 0 7 0 2
109 0 7 0 2
109 0 7 0 2
109 0 7 0 2
109 0 7 0 2
109 0 7 0 2
109 0 7 0 2
109 0 7 0 2
109 0 7 0 2
109 0 7 0 2
109 0 7 0 2
109 0 7 0 2
109 0 7 0 2
109 0 7 0 2
109 0 7 0 2
109 0 7 0 2
109 0 7 0 2
109 0 7 0 2
109 0 7 0 2
109 0 7 0 2
109 0 7 0 2
109 0 7 0 2
109 0 7 0 2
109 0 7 0 2
109 0 7 0 2
109 0 7 0 2
109 0 7 0 2
109 0 7 0 2
109 0 7 0 2
109 0 7 0 2
109 0 7 0 2
109 0 7 0 2
109 0 7 0 2
109 0 7 0 2
109 0 7 0 2
109 0 7 0 2
109 0 7 0 2
109 0 7 0 2
109 0 7 0 2
109 0 7 0 2
109 0 7 0 2
109 0 7 0 2
109 0 7 0 2
109 0 7 0 2
109 0 7 0 2
109 0 7 0 2
109 0 7 0 2
109 0 7 0 2
109 0 7 0 2
109 0 7 0 2
109 0 7 0 2
109 0 7 0 2
110 0 7 0 2
110 0 7 0 2
110 0 7 0 2
110 0 7 0 2
110 0 7 0 2
110 0 7 0 2
110 0 7 0 2
110 0 7 0 2
110 0 7 0 2
110 0 7 0 2
110 0 7 0 2
110 0 7 0 2
110 0 7 0 2
110 0 7 0 2
110 0 7 0 2
110 0 7 0 2
110 0 7 0 2
110 0 7 0 2
110 0 7 0 2
110 0 7 0 2
110 0 7 0 2
110 0 7 0 2
110 0 7 0 2
110 0 7 0 2
110 0 7 0 2
110 0 7 0 2
110 0 7 0 2
110 0 7 0 2
110 0 7 0 2
110 0 7 0 2
110 0 7 0 2
110 0 7 0 2
110 0 7 0 2
110 0 7 0 2
110 0 7 0 2
110 0 7 0 2
110 0 7 0 2
110 0 7 0 2
110 0 7 0 2
110 0 7 0 2
110 0 7 0 2
110 0 7 0 2
110 0 7 0 2
110 0 7 0 2
110 0 7 0 2
110 0 7 0 2
110 0 7 0 2
110 0 7 0 2
110 0 7 0 2
110 0 7 0 2
110 0 7 0 2
110 0 7 0 2
110 0 7 0 2
111 0 7 0 2
111 0 7 0 2
111 0 7 0 2
111 0 7 0 2
111 0 7 0 2
111 0 7 0 2
111 0 7 0 2
111 0 7 0 2
111 0 7 0 2
111 0 7 0 2
111 0 7 0 2
111 0 7 0 2
111 0 7 0 2
111 0 7 0 2
111 0 7 0 2
111 0 7 0 2
111 0 7 0 2
111 0 7 0 2
111 0 7 0 2
111 0 7 0 2
111 0 7 0 2
111 0 7 0 2
111 0 7 0 2
111 0 7 0 2
111 0 7 0 2
111 0 7 0 2
111 0 7 0 2
111 0 7 0 2
111 0 7 0 2
111 0 7 0 2
111 0 7 0 2
111 0 7 0 2
111 0 7 0 2
111 0 7 0 2
111 0 7 0 2
111 0 7 0 2
111 0 7 0 2
111 0 7 0 2
111 0 7 0 2
111 0 7 0 2
111 0 7 0 2
111 0 7 0 2
111 0 7 0 2
111 0 7 0 2
111 0 7 0 2
111 0 7 0 2
111 0 7 0 2
111 0 7 0 2
111 0 7 0 2
111 0 7 0 2
111 0 7 0 2
111 0 7 0 2
111 0 7 0 2
111 0 7 0 2
112 0 7 0 2
112 0 7 0 2
112 0 7 0 2
112 0 7 0 2
112 0 7 0 2
112 0 7 0 2
112 0 7 0 2
112 0 7 0 2
112 0 7 0 2
112 0 7 0 2
112 0 7 0 2
112 0 7 0 2
112 0 7 0 2
112 0 7 0 2
112 0 7 0 2
112 0 7 0 2
112 0 7 0 2
112 0 7 0 2
112 0 7 0 2
112 0 7 0 2
112 0 7 0 2
112 0 7 0 2
112 0 7 0 2
112 0 7 0 2
112 0 7 0 2
112 0 7 0 2
112 0 7 0 2
112 0 7 0 2
112 0 7 0 2
112 0 7 0 2
112 0 7 0 2
112 0 7 0 2
112 0 7 0 2
112 0 7 0 2
112 0 7 0 2
112 0 7 0 2
112 0 7 0 2
112 0 7 0 2
112 0 7 0 2
112 0 7 0 2
112 0 7 0 2
112 0 7 0 2
112 0 7 0 2
112 0 7 0 2
112 0 7 0 2
112 0 7 0 2
112 0 7 0 2
112 0 7 0 2
112 0 7 0 2
112 0 7 0 2
112 0 7 0 2
112 0 7 0 2
112 0 7 0 2
113 0 7 0 2
113 0 7 0 2
113 0 7 0 2
113 0 7 0 2
113 0 7 0 2
113 0 7 0 2
113 0 7 0 2
113 0 7 0 2
113 0 7 0 2
113 0 7 0 2
113 0 7 0 2
113 0 7 0 2
113 0 7 0 2
113 0 7 0 2
113 0 7 0 2
113 0 7 0 2
113 0 7 0 2
113 0 7 0 2
113 0 7 0 2
113 0 7 0 2
113 0 7 0 2
113 0 7 0 2
113 0 7 0 2
113 0 7 0 2
113 0 7 0 2
113 0 7 0 2
113 0 7 0 2
113 0 7 0 2
113 0 7 0 2
113 0 7 0 2
113 0 7 0 2
113 0 7 0 2
113 0 7 0 2
113 0 7 0 2
113 0 7 0 2
113 0 7 0 2
113 0 7 0 2
113 0 7 0 2
113 0 7 0 2
113 0 7 0 2
113 0 7 0 2
113 0 7 0 2
113 0 7 0 2
113 0 7 0 2
113 0 7 0 2
113 0 7 0 2
113 0 7 0 2
113 0 7 0 2
113 0 7 0 2
113 0 7 0 2
113 0 7 0 2
113 0 7 0 2
113 0 7 0 2
113 0 7 0 2
113 0 7 0 2
114 0 7 0 2
114 0 7 0 2
114 0 7 0 2
114 0 7 0 2
114 0 7 0 2
114 0 7 0 2
114 0 7 0 2
114 0 7 0 2
114 0 7 0 2
114 0 7 0 2
114 0 7 0 2
114 0 7 0 2
114 0 7 0 2
114 0 7 0 2
114 0 7 0 2
114 0 7 0 2
114 0 7 0 2
114 0 7 0 2
114 0 7 0 2
114 0 7 0 2
114 0 7 0 2
114 0 7 0 2
114 0 7 0 2
114 0 7 0 2
114 0 7 0 2
114 0 7 0 2
114 0 7 0 2
114 0 7 0 2
114 0 7 0 2
114 0 7 0 2
114 0 7 0 2
114 0 7 0 2
114 0 7 0 2
114 0 7 0 2
114 0 7 0 2
114 0 7 0 2
114 0 7 0 2
114 0 7 0 2
114 0 7 0 2
114 0 7 0 2
114 0 7 0 2
114 0 7 0 2
114 0 7 0 2
114 0 7 0 2
114 0 7 0 2
114 0 7 0 2
114 0 7 0 2
115 0 7 0 2
115 0 7 0 2
115 0 7 0 2
115 0 7 0 2
115 0 7 0 2
115 0 7 0 2
115 0 7 0 2
115 0 7 0 2
115 0 7 0 2
115 0 7 0 2
115 0 7 0 2
115 0 7 0 2
115 0 7 0 2
115 0 7 0 2
115 0 7 0 2
115 0 7 0 2
115 0 7 0 2
115 0 7 0 2
115 0 7 0 2
115 0 7 0 2
115 0 7 0 2
115 0 7 0 2
115 0 7 0 2
115 0 7 0 2
115 0 7 0 2
115 0 7 0 2
115 0 7 0 2
115 0 7 0 2
115 0 7 0 2
115 0 7 0 2
115 0 7 0 2
115 0 7 0 2
115 0 7 0 2
115 0 7 0 2
115 0 7 0 2
115 0 7 0 2
115 0 7 0 2
115 0 7 0 2
115 0 7 0 2
115 0 7 0 2
115 0 7 0 2
115 0 7 0 2
115 0 7 0 2
115 0 7 0 2
115 0 7 0 2
115 0 7 0 2
115 0 7 0 2
115 0 7 0 2
116 0 7 0 2
116 0 7 0 2
116 0 7 0 2
116 0 7 0 2
116 0 7 0 2
116 0 7 0 2
116 0 7 0 2
116 0 7 0 2
116 0 7 0 2
116 0 7 0 2
116 0 7 0 2
116 0 7 0 2
116 0 7 0 2
116 0 7 0 2
116 0 7 0 2
116 0 7 0 2
116 0 7 0 2
116 0 7 0 2
116 0 7 0 2
116 0 7 0 2
116 0 7 0 2
116 0 7 0 2
116 0 7 0 2
116 0 7 0 2
116 0 7 0 2
116 0 7 0 2
116 0 7 0 2
116 0 7 0 2
116 0 7 0 2
116 0 7 0 2
116 0 7 0 2
116 0 7 0 2
116 0 7 0 2
116 0 7 0 2
116 0 7 0 2
116 0 7 0 2
116 0 7 0 2
116 0 7 0 2
116 0 7 0 2
116 0 7 0 2
116 0 7 0 2
116 0 7 0 2
116 0 7 0 2
116 0 7 0 2
116 0 7 0 2
116 0 7 0 2
116 0 7 0 2
116 0 7 0 2
116 0 7 0 2
116 0 7 0 2
116 0 7 0 2
116 0 7 0 2
117 0 7 0 2
117 0 7 0 2
117 0 7 0 2
117 0 7 0 2
117 0 7 0 2
117 0 7 0 2
117 0 7 0 2
117 0 7 0 2
117 0 7 0 2
117 0 7 0 2
117 0 7 0 2
117 0 7 0 2
117 0 7 0 2
117 0 7 0 2
117 0 7 0 2
117 0 7 0 2
117 0 7 0 2
117 0 7 0 2
117 0 7 0 2
117 0 7 0 2
117 0 7 0 2
117 0 7 0 2
117 0 7 0 2
117 0 7 0 2
117 0 7 0 2
117 0 7 0 2
117 0 7 0 2
117 0 7 0 2
117 0 7 0 2
117 0 7 0 2
117 0 7 0 2
117 0 7 0 2
117 0 7 0 2
117 0 7 0 2
117 0 7 0 2
117 0 7 0 2
117 0 7 0 2
117 0 7 0 2
117 0 7 0 2
117 0 7 0 2
117 0 7 0 2
117 0 7 0 2
117 0 7 0 2
117 0 7 0 2
117 0 7 0 2
117 0 7 0 2
117 0 7 0 2
117 0 7 0 2
117 0 7 0 2
117 0 7 0 2
117 0 7 0 2
117 0 7 0 2
117 0 7 0 2
118 0 7 0 2
118 0 7 0 2
118 0 7 0 2
118 0 7 0 2
118 0 7 0 2
118 0 7 0 2
118 0 7 0 2
118 0 7 0 2
118 0 7 0 2
118 0 7 0 2
118 0 7 0 2
118 0 7 0 2
118 0 7 0 2
118 0 7 0 2
118 0 7 0 2
118 0 7 0 2
118 0 7 0 2
118 0 7 0 2
118 0 7 0 2
118 0 7 0 2
118 0 7 0 2
118 0 7 0 2
118 0 7 0 2
118 0 7 0 2
118 0 7 0 2
118 0 7 0 2
118 0 7 0 2
118 0 7 0 2
118 0 7 0 2
118 0 7 0 2
118 0 7 0 2
118 0 7 0 2
118 0 7 0 2
118 0 7 0 2
118 0 7 0 2
118 0 7 0 2
118 0 7 0 2
118 0 7 0 2
118 0 7 0 2
118 0 7 0 2
118 0 7 0 2
118 0 7 0 2
118 0 7 0 2
118 0 7 0 2
118 0 7 0 2
118 0 7 0 2
118 0 7 0 2
118 0 7 0 2
118 0 7 0 2
118 0 7 0 2
118 0 7 0 2
118 0 7 0 2
119 0 7 0 2
119 0 7 0 2
119 0 7 0 2
119 0 7 0 2
119 0 7 0 2
119 0 7 0 2
119 0 7 0 2
119 0 7 0 2
119 0 7 0 2
119 0 7 0 2
119 0 7 0 2
119 0 7 0 2
119 0 7 0 2
119 0 7 0 2
119 0 7 0 2
119 0 7 0 2
119 0 7 0 2
119 0 7 0 2
119 0 7 0 2
119 0 7 0 2
119 0 7 0 2
119 0 7 0 2
119 0 7 0 2
119 0 7 0 2
119 0 7 0 2
119 0 7 0 2
119 0 7 0 2
119 0 7 0 2
119 0 7 0 2
119 0 7 0 2
119 0 7 0 2
119 0 7 0 2
119 0 7 0 2
119 0 7 0 2
119 0 7 0 2
119 0 7 0 2
119 0 7 0 2
119 0 7 0 2
119 0 7 0 2
119 0 7 0 2
119 0 7 0 2
119 0 7 0 2
119 0 7 0 2
119 0 7 0 2
119 0 7 0 2
119 0 7 0 2
119 0 7 0 2
119 0 7 0 2
119 0 7 0 2
119 0 7 0 2
119 0 7 0 2
119 0 7 0 2
119 0 7 0 2
120 0 7 0 2
120 0 7 0 2
120 0 7 0 2
120 0 7 0 2
120 0 7 0 2
120 0 7 0 2
120 0 7 0 2
120 0 7 0 2
120 0 7 0 2
120 0 7 0 2
120 0 7 0 2
120 0 7 0 2
120 0 7 0 2
120 0 7 0 2
120 0 7 0 2
120 0 7 0 2
120 0 7 0 2
120 0 7 0 2
120 0 7 0 2
120 0 7 0 2
120 0 7 0 2
120 0 7 0 2
120 0 7 0 2
120 0 7 0 2
120 0 7 0 2
120 0 7 0 2
120 0 7 0 2
120 0 7 0 2
120 0 7 0 2
120 0 7 0 2
120 0 7 0 2
120 0 7 0 2
120 0 7 0 2
120 0 7 0 2
120 0 7 0 2
120 0 7 0 2
120 0 7 0 2
120 0 7 0 2
120 0 7 0 2
120 0 7 0 2
120 0 7 0 2
120 0 7 0 2
120 0 7 0 2
120 0 7 0 2
120 0 7 0 2
120 0 7 0 2
120 0 7 0 2
120 0 7 0 2
120 0 7 0 2
120 0 7 0 2
120 0 7 0 2
120 0 7 0 2
120 0 7 0 2
120 0 7 0 2
120 0 7 0 2
121 0 7 0 2
121 0 7 0 2
121 0 7 0 2
121 0 7 0 2
121 0 7 0 2
121 0 7 0 2
121 0 7 0 2
121 0 7 0 2
121 0 7 0 2
121 0 7 0 2
121 0 7 0 2
121 0 7 0 2
121 0 7 0 2
121 0 7 0 2
121 0 7 0 2
121 0 7 0 2
121 0 7 0 2
121 0 7 0 2
121 0 7 0 2
121 0 7 0 2
121 0 7 0 2
121 0 7 0 2
121 0 7 0 2
121 0 7 0 2
121 0 7 0 2
121 0 7 0 2
121 0 7 0 2
121 0 7 0 2
121 0 7 0 2
121 0 7 0 2
121 0 7 0 2
121 0 7 0 2
121 0 7 0 2
121 0 7 0 2
121 0 7 0 2
121 0 7 0 2
121 0 7 0 2
121 0 7 0 2
121 0 7 0 2
121 0 7 0 2
121 0 7 0 2
121 0 7 0 2
121 0 7 0 2
121 0 7 0 2
121 0 7 0 2
121 0 7 0 2
121 0 7 0 2
121 0 7 0 2
121 0 7 0 2
121 0 7 0 2
121 0 7 0 2
121 0 7 0 2
121 0 7 0 2
121 0 7 0 2
121 0 7 0 2
122 0 7 0 2
122 0 7 0 2
122 0 7 0 2
122 0 7 0 2
122 0 7 0 2
122 0 7 0 2
122 0 7 0 2
122 0 7 0 2
122 0 7 0 2
122 0 7 0 2
122 0 7 0 2
122 0 7 0 2
122 0 7 0 2
122 0 7 0 2
122 0 7 0 2
122 0 7 0 2
122 0 7 0 2
122 0 7 0 2
122 0 7 0 2
122 0 7 0 2
122 0 7 0 2
122 0 7 0 2
122 0 7 0 2
122 0 7 0 2
122 0 7 0 2
122 0 7 0 2
122 0 7 0 2
122 0 7 0 2
122 0 7 0 2
122 0 7 0 2
122 0 7 0 2
122 0 7 0 2
122 0 7 0 2
122 0 7 0 2
122 0 7 0 2
122 0 7 0 2
122 0 7 0 2
122 0 7 0 2
122 0 7 0 2
122 0 7 0 2
122 0 7 0 2
122 0 7 0 2
122 0 7 0 2
122 0 7 0 2
122 0 7 0 2
122 0 7 0 2
122 0 7 0 2
122 0 7 0 2
122 0 7 0 2
122 0 7 0 2
122 0 7 0 2
122 0 7 0 2
123 0 7 0 2
123 0 7 0 2
123 0 7 0 2
123 0 7 0 2
123 0 7 0 2
123 0 7 0 2
123 0 7 0 2
123 0 7 0 2
123 0 7 0 2
123 0 7 0 2
123 0 7 0 2
123 0 7 0 2
123 0 7 0 2
123 0 7 0 2
123 0 7 0 2
123 0 7 0 2
123 0 7 0 2
123 0 7 0 2
123 0 7 0 2
123 0 7 0 2
123 0 7 0 2
123 0 7 0 2
123 0 7 0 2
123 0 7 0 2
123 0 7 0 2
123 0 7 0 2
123 0 7 0 2
123 0 7 0 2
123 0 7 0 2
123 0 7 0 2
123 0 7 0 2
123 0 7 0 2
123 0 7 0 2
123 0 7 0 2
123 0 7 0 2
123 0 7 0 2
123 0 7 0 2
123 0 7 0 2
123 0 7 0 2
123 0 7 0 2
123 0 7 0 2
123 0 7 0 2
123 0 7 0 2
123 0 7 0 2
123 0 7 0 2
123 0 7 0 2
123 0 7 0 2
123 0 7 0 2
123 0 7 0 2
123 0 7 0 2
123 0 7 0 2
123 0 7 0 2
123 0 7 0 2
123 0 7 0 2
123 0 7 0 2
124 0 7 0 2
124 0 7 0 2
124 0 7 0 2
124 0 7 0 2
124 0 7 0 2
124 0 7 0 2
124 0 7 0 2
124 0 7 0 2
124 0 7 0 2
124 0 7 0 2
124 0 7 0 2
124 0 7 0 2
124 0 7 0 2
124 0 7 0 2
124 0 7 0 2
124 0 7 0 2
124 0 7 0 2
124 0 7 0 2
124 0 7 0 2
124 0 7 0 2
124 0 7 0 2
124 0 7 0 2
124 0 7 0 2
124 0 7 0 2
124 0 7 0 2
124 0 7 0 2
124 0 7 0 2
124 0 7 0 2
124 0 7 0 2
124 0 7 0 2
124 0 7 0 2
124 0 7 0 2
124 0 7 0 2
124 0 7 0 2
124 0 7 0 2
124 0 7 0 2
124 0 7 0 2
124 0 7 0 2
124 0 7 0 2
124 0 7 0 2
124 0 7 0 2
124 0 7 0 2
124 0 7 0 2
124 0 7 0 2
124 0 7 0 2
124 0 7 0 2
124 0 7 0 2
124 0 7 0 2
124 0 7 0 2
124 0 7 0 2
124 0 7 0 2
124 0 7 0 2
124 0 7 0 2
124 0 7 0 2
124 0 7 0 2
124 0 7 0 2
124 0 7 0 2
124 0 7 0 2
125 0 7 0 2
125 0 7 0 2
125 0 7 0 2
125 0 7 0 2
125 0 7 0 2
125 0 7 0 2
125 0 7 0 2
125 0 7 0 2
125 0 7 0 2
125 0 7 0 2
125 0 7 0 2
125 0 7 0 2
125 0 7 0 2
125 0 7 0 2
125 0 7 0 2
125 0 7 0 2
125 0 7 0 2
125 0 7 0 2
125 0 7 0 2
125 0 7 0 2
125 0 7 0 2
125 0 7 0 2
125 0 7 0 2
125 0 7 0 2
125 0 7 0 2
125 0 7 0 2
125 0 7 0 2
125 0 7 0 2
125 0 7 0 2
125 0 7 0 2
125 0 7 0 2
125 0 7 0 2
125 0 7 0 2
125 0 7 0 2
125 0 7 0 2
125 0 7 0 2
125 0 7 0 2
125 0 7 0 2
125 0 7 0 2
125 0 7 0 2
125 0 7 0 2
125 0 7 0 2
125 0 7 0 2
125 0 7 0 2
125 0 7 0 2
125 0 7 0 2
125 0 7 0 2
125 0 7 0 2
125 0 7 0 2
125 0 7 0 2
125 0 7 0 2
125 0 7 0 2
125 0 7 0 2
125 0 7 0 2
125 0 7 0 2
126 0 7 0 2
126 0 7 0 2
126 0 7 0 2
126 0 7 0 2
126 0 7 0 2
126 0 7 0 2
126 0 7 0 2
126 0 7 0 2
126 0 7 0 2
126 0 7 0 2
126 0 7 0 2
126 0 7 0 2
126 0 7 0 2
126 0 7 0 2
126 0 7 0 2
126 0 7 0 2
126 0 7 0 2
126 0 7 0 2
126 0 7 0 2
126 0 7 0 2
126 0 7 0 2
126 0 7 0 2
126 0 7 0 2
126 0 7 0 2
126 0 7 0 2
126 0 7 0 2
126 0 7 0 2
126 0 7 0 2
126 0 7 0 2
126 0 7 0 2
126 0 7 0 2
126 0 7 0 2
126 0 7 0 2
126 0 7 0 2
126 0 7 0 2
126 0 7 0 2
126 0 7 0 2
126 0 7 0 2
126 0 7 0 2
126 0 7 0 2
126 0 7 0 2
126 0 7 0 2
126 0 7 0 2
126 0 7 0 2
126 0 7 0 2
126 0 7 0 2
126 0 7 0 2
126 0 7 0 2
126 0 7 0 2
126 0 7 0 2
126 0 7 0 2
126 0 7 0 2
127 0 7 0 2
127 0 7 0 2
127 0 7 0 2
127 0 7 0 2
127 0 7 0 2
127 0 7 0 2
127 0 7 0 2
127 0 7 0 2
127 0 7 0 2
127 0 7 0 2
127 0 7 0 2
127 0 7 0 2
127 0 7 0 2
127 0 7 0 2
127 0 7 0 2
127 0 7 0 2
127 0 7 0 2
127 0 7 0 2
127 0 7 0 2
127 0 7 0 2
127 0 7 0 2
127 0 7 0 2
127 0 7 0 2
127 0 7 0 2
127 0 7 0 2
127 0 7 0 2
127 0 7 0 2
127 0 7 0 2
127 0 7 0 2
127 0 7 0 2
127 0 7 0 2
127 0 7 0 2
127 0 7 0 2
127 0 7 0 2
127 0 7 0 2
127 0 7 0 2
127 0 7 0 2
127 0 7 0 2
127 0 7 0 2
127 0 7 0 2
127 0 7 0 2
127 0 7 0 2
127 0 7 0 2
127 0 7 0 2
127 0 7 0 2
127 0 7 0 2
127 0 7 0 2
127 0 7 0 2
127 0 7 0 2
127 0 7 0 2
127 0 7 0 2
127 0 7 0 2
127 0 7 0 2
127 0 7 0 2
127 0 7 0 2
128 0 7 0 2
128 0 7 0 2
128 0 7 0 2
128 0 7 0 2
128 0 7 0 2
128 0 7 0 2
128 0 7 0 2
128 0 7 0 2
128 0 7 0 2
128 0 7 0 2
128 0 7 0 2
128 0 7 0 2
128 0 7 0 2
128 0 7 0 2
128 0 7 0 2
128 0 7 0 2
128 0 7 0 2
128 0 7 0 2
128 0 7 0 2
128 0 7 0 2
128 0 7 0 2
128 0 7 0 2
128 0 7 0 2
128 0 7 0 2
128 0 7 0 2
128 0 7 0 2
128 0 7 0 2
128 0 7 0 2
128 0 7 0 2
128 0 7 0 2
128 0 7 0 2
128 0 7 0 2
128 0 7 0 2
128 0 7 0 2
128 0 7 0 2
128 0 7 0 2
128 0 7 0 2
128 0 7 0 2
128 0 7 0 2
128 0 7 0 2
128 0 7 0 2
128 0 7 0 2
128 0 7 0 2
128 0 7 0 2
128 0 7 0 2
128 0 7 0 2
128 0 7 0 2
128 0 7 0 2
128 0 7 0 2
128 0 7 0 2
128 0 7 0 2
128 0 7 0 2
128 0 7 0 2
128 0 7 0 2
128 0 7 0 2
128 0 7 0 2
128 0 7 0 2
128 0 7 0 2
129 0 7 0 2
129 0 7 0 2
129 0 7 0 2
129 0 7 0 2
129 0 7 0 2
129 0 7 0 2
129 0 7 0 2
129 0 7 0 2
129 0 7 0 2
129 0 7 0 2
129 0 7 0 2
129 0 7 0 2
129 0 7 0 2
129 0 7 0 2
129 0 7 0 2
129 0 7 0 2
129 0 7 0 2
129 0 7 0 2
129 0 7 0 2
129 0 7 0 2
129 0 7 0 2
129 0 7 0 2
129 0 7 0 2
129 0 7 0 2
129 0 7 0 2
129 0 7 0 2
129 0 7 0 2
129 0 7 0 2
129 0 7 0 2
129 0 7 0 2
129 0 7 0 2
129 0 7 0 2
129 0 7 0 2
129 0 7 0 2
129 0 7 0 2
129 0 7 0 2
129 0 7 0 2
129 0 7 0 2
129 0 7 0 2
129 0 7 0 2
129 0 7 0 2
129 0 7 0 2
129 0 7 0 2
129 0 7 0 2
129 0 7 0 2
130 0 7 0 2
130 0 7 0 2
130 0 7 0 2
130 0 7 0 2
130 0 7 0 2
130 0 7 0 2
130 0 7 0 2
130 0 7 0 2
130 0 7 0 2
130 0 7 0 2
130 0 7 0 2
130 0 7 0 2
130 0 7 0 2
130 0 7 0 2
130 0 7 0 2
130 0 7 0 2
130 0 7 0 2
131 0 7 0 2
131 0 7 0 2
131 0 7 0 2
131 0 7 0 2
131 0 7 0 2
131 0 7 0 2
131 0 7 0 2
131 0 7 0 2
131 0 7 0 2
131 0 7 0 2
131 0 7 0 2
131 0 7 0 2
131 0 7 0 2
131 0 7 0 2
131 0 7 0 2
131 0 7 0 2
131 0 7 0 2
131 0 7 0 2
131 0 7 0 2
131 0 7 0 2
131 0 7 0 2
131 0 7 0 2
131 0 7 0 2
131 0 7 0 2
131 0 7 0 2
131 0 7 0 2
131 0 7 0 2
131 0 7 0 2
131 0 7 0 2
131 0 7 0 2
131 0 7 0 2
131 0 7 0 2
131 0 7 0 2
131 0 7 0 2
131 0 7 0 2
131 0 7 0 2
131 0 7 0 2
131 0 7 0 2
131 0 7 0 2
131 0 7 0 2
131 0 7 0 2
131 0 7 0 2
131 0 7 0 2
131 0 7 0 2
131 0 7 0 2
131 0 7 0 2
131 0 7 0 2
131 0 7 0 2
131 0 7 0 2
131 0 7 0 2
131 0 7 0 2
131 0 7 0 2
131 0 7 0 2
132 0 7 0 2
132 0 7 0 2
132 0 7 0 2
132 0 7 0 2
132 0 7 0 2
132 0 7 0 2
132 0 7 0 2
132 0 7 0 2
132 0 7 0 2
132 0 7 0 2
132 0 7 0 2
132 0 7 0 2
132 0 7 0 2
132 0 7 0 2
132 0 7 0 2
132 0 7 0 2
132 0 7 0 2
132 0 7 0 2
132 0 7 0 2
132 0 7 0 2
132 0 7 0 2
132 0 7 0 2
132 0 7 0 2
132 0 7 0 2
132 0 7 0 2
132 0 7 0 2
132 0 7 0 2
132 0 7 0 2
132 0 7 0 2
132 0 7 0 2
132 0 7 0 2
132 0 7 0 2
132 0 7 0 2
132 0 7 0 2
132 0 7 0 2
132 0 7 0 2
132 0 7 0 2
132 0 7 0 2
132 0 7 0 2
132 0 7 0 2
132 0 7 0 2
132 0 7 0 2
132 0 7 0 2
132 0 7 0 2
132 0 7 0 2
132 0 7 0 2
132 0 7 0 2
132 0 7 0 2
132 0 7 0 2
132 0 7 0 2
133 0 7 0 2
133 0 7 0 2
133 0 7 0 2
133 0 7 0 2
133 0 7 0 2
133 0 7 0 2
133 0 7 0 2
133 0 7 0 2
133 0 7 0 2
133 0 7 0 2
133 0 7 0 2
133 0 7 0 2
133 0 7 0 2
133 0 7 0 2
133 0 7 0 2
133 0 7 0 2
133 0 7 0 2
133 0 7 0 2
133 0 7 0 2
133 0 7 0 2
133 0 7 0 2
133 0 7 0 2
133 0 7 0 2
133 0 7 0 2
133 0 7 0 2
133 0 7 0 2
133 0 7 0 2
133 0 7 0 2
133 0 7 0 2
133 0 7 0 2
133 0 7 0 2
133 0 7 0 2
133 0 7 0 2
133 0 7 0 2
133 0 7 0 2
133 0 7 0 2
133 0 7 0 2
133 0 7 0 2
133 0 7 0 2
133 0 7 0 2
133 0 7 0 2
133 0 7 0 2
133 0 7 0 2
133 0 7 0 2
133 0 7 0 2
133 0 7 0 2
133 0 7 0 2
133 0 7 0 2
133 0 7 0 2
133 0 7 0 2
133 0 7 0 2
133 0 7 0 2
134 0 7 0 2
134 0 7 0 2
134 0 7 0 2
134 0 7 0 2
134 0 7 0 2
134 0 7 0 2
134 0 7 0 2
134 0 7 0 2
134 0 7 0 2
134 0 7 0 2
134 0 7 0 2
134 0 7 0 2
134 0 7 0 2
134 0 7 0 2
134 0 7 0 2
134 0 7 0 2
134 0 7 0 2
134 0 7 0 2
134 0 7 0 2
134 0 7 0 2
134 0 7 0 2
134 0 7 0 2
134 0 7 0 2
134 0 7 0 2
134 0 7 0 2
134 0 7 0 2
134 0 7 0 2
134 0 7 0 2
134 0 7 0 2
134 0 7 0 2
134 0 7 0 2
134 0 7 0 2
134 0 7 0 2
134 0 7 0 2
134 0 7 0 2
134 0 7 0 2
134 0 7 0 2
134 0 7 0 2
134 0 7 0 2
134 0 7 0 2
134 0 7 0 2
134 0 7 0 2
134 0 7 0 2
134 0 7 0 2
134 0 7 0 2
134 0 7 0 2
134 0 7 0 2
134 0 7 0 2
134 0 7 0 2
134 0 7 0 2
134 0 7 0 2
134 0 7 0 2
134 0 7 0 2
135 0 7 0 2
135 0 7 0 2
135 0 7 0 2
135 0 7 0 2
135 0 7 0 2
135 0 7 0 2
135 0 7 0 2
135 0 7 0 2
135 0 7 0 2
135 0 7 0 2
135 0 7 0 2
135 0 7 0 2
135 0 7 0 2
135 0 7 0 2
135 0 7 0 2
135 0 7 0 2
135 0 7 0 2
135 0 7 0 2
135 0 7 0 2
135 0 7 0 2
135 0 7 0 2
135 0 7 0 2
135 0 7 0 2
135 0 7 0 2
135 0 7 0 2
135 0 7 0 2
135 0 7 0 2
135 0 7 0 2
135 0 7 0 2
135 0 7 0 2
135 0 7 0 2
135 0 7 0 2
135 0 7 0 2
135 0 7 0 2
135 0 7 0 2
135 0 7 0 2
135 0 7 0 2
135 0 7 0 2
135 0 7 0 2
135 0 7 0 2
135 0 7 0 2
135 0 7 0 2
135 0 7 0 2
135 0 7 0 2
135 0 7 0 2
135 0 7 0 2
135 0 7 0 2
135 0 7 0 2
135 0 7 0 2
135 0 7 0 2
135 0 7 0 2
135 0 7 0 2
135 0 7 0 2
135 0 7 0 2
135 0 7 0 2
135 0 7 0 2
135 0 7 0 2
136 0 7 0 2
136 0 7 0 2
136 0 7 0 2
136 0 7 0 2
136 0 7 0 2
136 0 7 0 2
136 0 7 0 2
136 0 7 0 2
136 0 7 0 2
136 0 7 0 2
136 0 7 0 2
136 0 7 0 2
136 0 7 0 2
136 0 7 0 2
136 0 7 0 2
136 0 7 0 2
136 0 7 0 2
136 0 7 0 2
136 0 7 0 2
136 0 7 0 2
136 0 7 0 2
136 0 7 0 2
136 0 7 0 2
136 0 7 0 2
136 0 7 0 2
136 0 7 0 2
136 0 7 0 2
136 0 7 0 2
136 0 7 0 2
136 0 7 0 2
136 0 7 0 2
136 0 7 0 2
136 0 7 0 2
136 0 7 0 2
136 0 7 0 2
136 0 7 0 2
136 0 7 0 2
136 0 7 0 2
136 0 7 0 2
136 0 7 0 2
136 0 7 0 2
136 0 7 0 2
136 0 7 0 2
136 0 7 0 2
136 0 7 0 2
136 0 7 0 2
136 0 7 0 2
136 0 7 0 2
136 0 7 0 2
136 0 7 0 2
136 0 7 0 2
136 0 7 0 2
136 0 7 0 2
137 0 7 0 2
137 0 7 0 2
137 0 7 0 2
137 0 7 0 2
137 0 7 0 2
137 0 7 0 2
137 0 7 0 2
137 0 7 0 2
137 0 7 0 2
137 0 7 0 2
137 0 7 0 2
137 0 7 0 2
137 0 7 0 2
137 0 7 0 2
137 0 7 0 2
137 0 7 0 2
137 0 7 0 2
137 0 7 0 2
137 0 7 0 2
137 0 7 0 2
137 0 7 0 2
137 0 7 0 2
137 0 7 0 2
137 0 7 0 2
137 0 7 0 2
137 0 7 0 2
137 0 7 0 2
137 0 7 0 2
137 0 7 0 2
137 0 7 0 2
137 0 7 0 2
137 0 7 0 2
137 0 7 0 2
137 0 7 0 2
137 0 7 0 2
137 0 7 0 2
137 0 7 0 2
137 0 7 0 2
137 0 7 0 2
137 0 7 0 2
137 0 7 0 2
137 0 7 0 2
137 0 7 0 2
137 0 7 0 2
137 0 7 0 2
137 0 7 0 2
137 0 7 0 2
137 0 7 0 2
137 0 7 0 2
137 0 7 0 2
137 0 7 0 2
137 0 7 0 2
137 0 7 0 2
137 0 7 0 2
137 0 7 0 2
138 0 7 0 2
138 0 7 0 2
138 0 7 0 2
138 0 7 0 2
138 0 7 0 2
138 0 7 0 2
138 0 7 0 2
138 0 7 0 2
138 0 7 0 2
138 0 7 0 2
138 0 7 0 2
138 0 7 0 2
138 0 7 0 2
138 0 7 0 2
138 0 7 0 2
138 0 7 0 2
138 0 7 0 2
138 0 7 0 2
138 0 7 0 2
138 0 7 0 2
138 0 7 0 2
138 0 7 0 2
138 0 7 0 2
138 0 7 0 2
138 0 7 0 2
138 0 7 0 2
138 0 7 0 2
138 0 7 0 2
138 0 7 0 2
138 0 7 0 2
138 0 7 0 2
138 0 7 0 2
138 0 7 0 2
138 0 7 0 2
138 0 7 0 2
138 0 7 0 2
138 0 7 0 2
138 0 7 0 2
138 0 7 0 2
138 0 7 0 2
138 0 7 0 2
138 0 7 0 2
138 0 7 0 2
138 0 7 0 2
138 0 7 0 2
138 0 7 0 2
138 0 7 0 2
139 0 7 0 2
139 0 7 0 2
139 0 7 0 2
139 0 7 0 2
139 0 7 0 2
139 0 7 0 2
139 0 7 0 2
139 0 7 0 2
139 0 7 0 2
139 0 7 0 2
139 0 7 0 2
139 0 7 0 2
139 0 7 0 2
139 0 7 0 2
139 0 7 0 2
139 0 7 0 2
139 0 7 0 2
139 0 7 0 2
139 0 7 0 2
139 0 7 0 2
139 0 7 0 2
139 0 7 0 2
139 0 7 0 2
139 0 7 0 2
139 0 7 0 2
139 0 7 0 2
139 0 7 0 2
139 0 7 0 2
139 0 7 0 2
139 0 7 0 2
139 0 7 0 2
139 0 7 0 2
139 0 7 0 2
139 0 7 0 2
139 0 7 0 2
